DATALYSE,Carl Hemmingsen,Halveringstid for 137-Ba,1
MC24E counter,0,1,0,0
t/s,A/Bq
 5, 17
 15, 22
 25, 29
 35, 25
 45, 20
 55, 923
 65, 1318
 75, 1077
 85, 968
 95, 1014
 105, 908
 115, 883
 125, 824
 135, 802
 145, 745
 155, 765
 165, 735
 175, 664
 185, 628
 195, 631
 205, 573
 215, 599
 225, 540
 235, 519
 245, 555
 255, 483
 265, 471
 275, 486
 285, 423
 295, 416
 305, 371
 315, 389
 325, 374
 335, 374
 345, 325
 355, 343
 365, 318
 375, 319
 385, 295
 395, 275
 405, 255
 415, 252
 425, 261
