DATALYSE,Carl Hemmingsen,En drink med isterninger,1
pH1000,0,0,0,2
t/s,T/øC
 0, 25.7
 2, 25.7
 4, 25.7
 6, 25.7
 8, 25.7
 10, 25.7
 12, 25.4
 14, 25
 16, 22.1
 18, 21.7
 20, 19.3
 22, 18.3
 24, 17.4
 26, 16.6
 28, 15.7
 30, 14.9
 32, 14.1
 34, 13.5
 36, 13
 38, 12.5
 40, 12.2
 42, 11.7
 44, 11.3
 46, 10.8
 48, 10.5
 50, 10.1
 52, 9.9
 54, 9.7
 56, 9.4
 58, 9.2
 60, 9
 62, 8.7
 64, 8.4
 66, 8.2
 68, 8
 70, 7.9
 72, 7.7
 74, 7.5
 76, 7.4
 78, 7.3
 80, 7.1
 82, 6.9
 84, 6.7
 86, 6.6
 88, 6.5
 90, 6.4
 92, 6.3
 94, 6.2
 96, 6.1
 98, 6
 100, 5.9
 102, 5.8
 104, 5.8
 106, 5.7
 108, 5.6
 110, 5.5
 112, 5.4
 114, 5.3
 116, 5.3
 118, 5.2
 120, 5.1
 122, 5.1
 124, 5
 126, 5
 128, 4.9
 130, 4.8
 132, 4.8
 134, 4.7
 136, 4.7
 138, 4.6
 140, 4.6
 142, 4.5
 144, 4.5
 146, 4.4
 148, 4.3
 150, 4.3
 152, 4.2
 154, 4.2
 156, 4.1
 158, 4.1
 160, 4.1
 162, 4
 164, 4
 166, 4
 168, 3.9
 170, 3.9
 172, 3.9
 174, 3.9
 176, 3.8
 178, 3.8
 180, 3.8
 182, 3.7
 184, 3.7
 186, 3.7
 188, 3.7
 190, 3.6
 192, 3.6
 194, 3.6
 196, 3.6
 198, 3.6
 200, 3.5
 202, 3.5
 204, 3.5
 206, 3.5
 208, 3.5
 210, 3.4
 212, 3.4
 214, 3.4
 216, 3.4
 218, 3.4
 220, 3.4
 222, 3.3
 224, 3.3
 226, 3.3
 228, 3.3
 230, 3.3
 232, 3.3
 234, 3.3
 236, 3.2
 238, 3.2
 240, 3.2
 242, 3.2
 244, 3.2
 246, 3.2
 248, 3.2
 250, 3.2
 252, 3.2
 254, 3.2
 256, 3.2
 258, 3.2
 260, 3.2
 262, 3.1
 264, 3.1
 266, 3.1
 268, 3.1
 270, 3.1
 272, 3.1
 274, 3.1
 276, 3.1
 278, 3.1
 280, 3.1
 282, 3.1
 284, 3.1
 286, 3.1
 288, 3.1
 290, 3.1
 292, 3.1
 294, 3.1
 296, 3.1
 298, 3.1
 300, 3.1
 302, 3.1
 304, 3.1
 306, 3.1
 308, 3.1
 310, 3.1
 312, 3.1
 314, 3
 316, 3
 318, 3
 320, 3
 322, 3
 324, 3
 326, 3.1
 328, 3.1
 330, 3.1
 332, 3.1
 334, 3.1
 336, 3.1
 338, 3.1
 340, 3.1
 342, 3.1
 344, 3.1
 346, 3.1
 348, 3.1
 350, 3.1
 352, 3.1
 354, 3.1
 356, 3.1
 358, 3.1
 360, 3.1
 362, 3.1
 364, 3.1
 366, 3.1
 368, 3.1
 370, 3.1
 372, 3.1
 374, 3.1
 376, 3.1
 378, 3.1
 380, 3.1
 382, 3.1
 384, 3.1
 386, 3.1
 388, 3.1
 390, 3.1
 392, 3.1
 394, 3.1
 396, 3.1
 398, 3.1
 400, 3.2
 402, 3.2
 404, 3.2
 406, 3.2
 408, 3.2
 410, 3.2
 412, 3.2
 414, 3.2
 416, 3.2
 418, 3.2
 420, 3.2
 422, 3.2
 424, 3.2
 426, 3.2
 428, 3.2
 430, 3.2
 432, 3.2
 434, 3.3
 436, 3.3
 438, 3.3
 440, 3.3
 442, 3.3
 444, 3.3
 446, 3.3
 448, 3.3
 450, 3.3
 452, 3.3
 454, 3.3
 456, 3.3
 458, 3.4
 460, 3.4
 462, 3.4
 464, 3.4
 466, 3.4
 468, 3.4
 470, 3.4
 472, 3.4
 474, 3.4
 476, 3.4
 478, 3.5
 480, 3.5
 482, 3.5
 484, 3.5
 486, 3.5
 488, 3.5
 490, 3.5
 492, 3.5
 494, 3.5
 496, 3.5
 498, 3.6
 500, 3.6
 502, 3.6
 504, 3.6
 506, 3.6
 508, 3.6
 510, 3.6
 512, 3.6
 514, 3.6
 516, 3.7
 518, 3.7
 520, 3.7
 522, 3.7
 524, 3.7
 526, 3.7
 528, 3.7
 530, 3.7
 532, 3.8
 534, 3.8
 536, 3.8
 538, 3.8
 540, 3.8
 542, 3.8
 544, 3.8
 546, 3.9
 548, 3.9
 550, 3.9
 552, 3.9
 554, 3.9
 556, 3.9
 558, 3.9
 560, 3.9
 562, 4
 564, 4
 566, 4
 568, 4
 570, 4
 572, 4
 574, 4
 576, 4.1
 578, 4.1
 580, 4.1
 582, 4.1
 584, 4.1
 586, 4.1
 588, 4.1
 590, 4.2
 592, 4.2
 594, 4.2
 596, 4.2
 598, 4.2
 600, 4.2
 602, 4.3
 604, 4.3
 606, 4.3
 608, 4.3
 610, 4.3
 612, 4.3
 614, 4.3
 616, 4.4
 618, 4.4
 620, 4.4
 622, 4.4
 624, 4.4
 626, 4.4
 628, 4.4
 630, 4.5
 632, 4.5
 634, 4.5
 636, 4.5
 638, 4.5
 640, 4.5
 642, 4.5
 644, 4.6
 646, 4.6
 648, 4.6
 650, 4.6
 652, 4.6
 654, 4.6
 656, 4.6
 658, 4.7
 660, 4.7
 662, 4.7
 664, 4.7
 666, 4.7
 668, 4.7
 670, 4.7
 672, 4.8
 674, 4.8
 676, 4.8
 678, 4.8
 680, 4.8
 682, 4.8
 684, 4.8
 686, 4.9
 688, 4.9
 690, 4.9
 692, 4.9
 694, 4.9
 696, 4.9
 698, 4.9
 700, 5
 702, 5
 704, 5
 706, 5
 708, 5
 710, 5
 712, 5
 714, 5
 716, 5.1
 718, 5.1
 720, 5.1
 722, 5.1
 724, 5.1
 726, 5.1
 728, 5.1
 730, 5.2
 732, 5.2
 734, 5.2
 736, 5.2
 738, 5.2
 740, 5.2
 742, 5.2
 744, 5.2
 746, 5.3
 748, 5.3
 750, 5.3
 752, 5.3
 754, 5.3
 756, 5.3
 758, 5.3
 760, 5.4
 762, 5.4
 764, 5.4
 766, 5.4
 768, 5.4
 770, 5.4
 772, 5.4
 774, 5.4
 776, 5.5
 778, 5.5
 780, 5.5
 782, 5.5
 784, 5.5
 786, 5.5
 788, 5.5
 790, 5.6
 792, 5.6
 794, 5.6
 796, 5.6
 798, 5.6
 800, 5.6
 802, 5.6
 804, 5.6
 806, 5.7
 808, 5.7
 810, 5.7
 812, 5.7
 814, 5.7
 816, 5.7
 818, 5.7
 820, 5.7
 822, 5.8
 824, 5.8
 826, 5.8
 828, 5.8
 830, 5.8
 832, 5.8
 834, 5.8
 836, 5.8
 838, 5.9
 840, 5.9
 842, 5.9
 844, 5.9
 846, 5.9
 848, 5.9
 850, 5.9
 852, 5.9
 854, 6
 856, 6
 858, 6
 860, 6
 862, 6
 864, 6
 866, 6
 868, 6
 870, 6.1
 872, 6.1
 874, 6.1
 876, 6.1
 878, 6.1
 880, 6.1
 882, 6.1
 884, 6.1
 886, 6.2
 888, 6.2
 890, 6.2
 892, 6.2
 894, 6.2
 896, 6.2
 898, 6.2
 900, 6.2
 902, 6.3
 904, 6.3
 906, 6.3
 908, 6.3
 910, 6.3
 912, 6.3
 914, 6.3
 916, 6.3
 918, 6.4
 920, 6.4
 922, 6.4
 924, 6.4
 926, 6.4
 928, 6.4
 930, 6.4
 932, 6.4
 934, 6.5
 936, 6.5
 938, 6.5
 940, 6.5
 942, 6.5
 944, 6.5
 946, 6.5
 948, 6.5
 950, 6.5
 952, 6.6
 954, 6.6
 956, 6.6
 958, 6.6
 960, 6.6
 962, 6.6
 964, 6.6
 966, 6.6
 968, 6.7
 970, 6.7
 972, 6.7
 974, 6.7
 976, 6.7
 978, 6.7
 980, 6.7
 982, 6.7
 984, 6.7
 986, 6.8
 988, 6.8
 990, 6.8
 992, 6.8
 994, 6.8
 996, 6.8
 998, 6.8
 1000, 6.8
 1002, 6.9
 1004, 6.9
 1006, 6.9
 1008, 6.9
 1010, 6.9
 1012, 6.9
 1014, 6.9
 1016, 6.9
 1018, 7
 1020, 7
 1022, 7
 1024, 7
 1026, 7
 1028, 7
 1030, 7
 1032, 7
 1034, 7.1
 1036, 7.1
 1038, 7.1
 1040, 7.1
 1042, 7.1
 1044, 7.1
 1046, 7.1
 1048, 7.1
 1050, 7.1
 1052, 7.2
 1054, 7.2
 1056, 7.2
 1058, 7.2
 1060, 7.2
 1062, 7.2
 1064, 7.2
 1066, 7.2
 1068, 7.3
 1070, 7.3
 1072, 7.3
 1074, 7.3
 1076, 7.3
 1078, 7.3
 1080, 7.3
 1082, 7.3
 1084, 7.3
 1086, 7.4
 1088, 7.4
 1090, 7.4
 1092, 7.4
 1094, 7.4
 1096, 7.4
 1098, 7.4
 1100, 7.4
 1102, 7.4
 1104, 7.5
 1106, 7.5
 1108, 7.5
 1110, 7.5
 1112, 7.5
 1114, 7.5
 1116, 7.5
 1118, 7.5
 1120, 7.5
 1122, 7.6
 1124, 7.6
 1126, 7.6
 1128, 7.6
 1130, 7.6
 1132, 7.6
 1134, 7.6
 1136, 7.6
 1138, 7.6
 1140, 7.7
 1142, 7.7
 1144, 7.7
 1146, 7.7
 1148, 7.7
 1150, 7.7
 1152, 7.7
 1154, 7.7
 1156, 7.8
 1158, 7.8
 1160, 7.8
 1162, 7.8
 1164, 7.8
 1166, 7.8
 1168, 7.8
 1170, 7.8
 1172, 7.8
 1174, 7.9
 1176, 7.9
 1178, 7.9
 1180, 7.9
 1182, 7.9
 1184, 7.9
 1186, 7.9
 1188, 7.9
 1190, 7.9
 1192, 8
 1194, 8
 1196, 8
 1198, 8
 1200, 8
 1202, 8
 1204, 8
 1206, 8
 1208, 8
 1210, 8.1
 1212, 8.1
 1214, 8.1
 1216, 8.1
 1218, 8.1
 1220, 8.1
 1222, 8.1
 1224, 8.1
 1226, 8.1
 1228, 8.2
 1230, 8.2
 1232, 8.2
 1234, 8.2
 1236, 8.2
 1238, 8.2
 1240, 8.2
 1242, 8.2
 1244, 8.2
 1246, 8.2
 1248, 8.3
 1250, 8.3
 1252, 8.3
 1254, 8.3
 1256, 8.3
 1258, 8.3
 1260, 8.3
 1262, 8.3
 1264, 8.3
 1266, 8.4
 1268, 8.4
 1270, 8.4
 1272, 8.4
 1274, 8.4
 1276, 8.4
 1278, 8.4
 1280, 8.4
 1282, 8.4
 1284, 8.4
 1286, 8.5
 1288, 8.5
 1290, 8.5
 1292, 8.5
 1294, 8.5
 1296, 8.5
 1298, 8.5
 1300, 8.5
 1302, 8.5
 1304, 8.5
 1306, 8.5
 1308, 8.6
 1310, 8.6
 1312, 8.6
 1314, 8.6
 1316, 8.6
 1318, 8.6
 1320, 8.6
 1322, 8.6
 1324, 8.6
 1326, 8.6
 1328, 8.6
 1330, 8.6
 1332, 8.7
 1334, 8.7
 1336, 8.7
 1338, 8.7
 1340, 8.7
 1342, 8.7
 1344, 8.7
 1346, 8.7
 1348, 8.7
 1350, 8.7
 1352, 8.7
 1354, 8.7
 1356, 8.7
 1358, 8.7
 1360, 8.8
 1362, 8.8
 1364, 8.8
 1366, 8.8
 1368, 8.8
 1370, 8.8
 1372, 8.8
 1374, 8.8
 1376, 8.8
 1378, 8.8
 1380, 8.8
 1382, 8.8
 1384, 8.8
 1386, 8.9
 1388, 8.9
 1390, 8.9
 1392, 8.9
 1394, 8.9
 1396, 8.9
 1398, 8.9
