DATALYSE,carl,,1
EM1 energimeter,0,0,0,2
t/s,E/Ws,E/Wh,U/V,I/A,P/VA,P/W,í/ø
0,0.0,0.0,218.3,0.73,158.6,94.6,-53
29,2696.0,0.7,218.2,0.73,158.6,94.5,-53
58,5441.7,1.5,218.1,0.73,158.4,94.5,-53
86,8082.6,2.2,217.8,0.73,158.7,94.8,-53
131,12400.8,3.4,217.3,0.73,158.6,95.1,-53
144,13631.3,3.8,216.6,0.73,158.0,94.6,-53
173,16383.3,4.6,216.2,0.73,158.3,94.6,-53
202,19136.4,5.3,216.0,0.75,161.7,97.0,-53
230,21841.1,6.1,216.8,0.76,164.6,98.8,-53
259,24715.7,6.9,216.6,0.77,165.9,99.5,-53
288,27582.9,7.7,216.3,0.76,163.3,97.9,-53
317,30429.0,8.5,216.2,0.76,163.2,97.9,-53
346,33278.4,9.2,215.7,0.75,162.7,97.7,-53
374,36003.0,10.0,215.5,0.76,162.7,97.6,-53
403,38844.8,10.8,215.4,0.76,162.7,97.6,-53
432,41657.5,11.6,215.4,0.75,162.6,97.4,-53
461,44496.2,12.4,216.5,0.73,158.7,94.9,-53
507,48962.9,13.6,216.9,0.72,156.9,94.3,-53
518,49954.5,13.9,216.8,0.72,155.9,94.2,-53
547,52696.9,14.6,217.0,0.72,156.5,94.8,-53
576,55426.5,15.4,217.1,0.72,157.3,95.4,-53
605,58207.4,16.2,217.3,0.71,155.3,94.4,-53
634,60929.6,16.9,216.7,0.71,154.3,93.8,-53
662,63575.2,17.7,217.3,0.71,154.8,94.3,-53
691,66290.2,18.4,217.2,0.74,160.4,98.5,-52
720,69157.0,19.2,218.0,0.73,160.1,97.9,-52
749,72006.0,20.0,217.4,0.75,162.0,99.0,-52
778,74859.4,20.8,217.0,0.76,164.1,100.1,-52
806,77660.3,21.6,217.1,0.76,165.5,100.8,-53
835,80589.9,22.4,217.4,0.77,167.4,101.5,-53
864,83543.1,23.2,216.9,0.82,178.9,109.4,-52
893,86697.1,24.1,216.5,0.83,178.8,109.6,-52
922,89884.7,25.0,215.7,0.83,178.8,109.3,-52
950,92935.7,25.8,215.5,0.83,179.5,109.6,-52
979,96126.9,26.7,215.7,0.83,180.0,109.5,-53
1008,99314.7,27.6,216.2,0.83,180.2,109.9,-52
1037,102479.7,28.5,215.7,0.83,179.7,109.4,-52
1066,105663.1,29.4,215.7,0.83,180.0,109.6,-52
1094,108723.3,30.2,215.8,0.83,179.7,109.4,-53
1123,111906.5,31.1,216.1,0.83,179.8,109.7,-52
1152,115100.1,32.0,215.9,0.83,179.5,109.7,-52
1181,118258.3,32.8,216.7,0.83,179.8,109.8,-52
1210,121452.8,33.7,216.5,0.83,179.8,109.7,-52
1238,124514.2,34.6,216.7,0.83,180.4,109.9,-52
1267,127713.9,35.5,216.5,0.83,179.6,109.2,-53
1296,130864.4,36.4,216.0,0.83,179.3,109.1,-53
1325,134036.2,37.2,215.1,0.83,178.6,109.0,-52
1354,137207.7,38.1,214.7,0.84,179.3,109.6,-52
1382,140265.7,39.0,215.3,0.83,179.4,109.7,-52
1411,143459.7,39.8,215.6,0.83,180.0,109.8,-52
1440,146622.4,40.7,215.4,0.84,180.3,109.8,-53
1469,149818.2,41.6,215.8,0.83,179.7,109.7,-52
1498,153011.9,42.5,216.3,0.83,179.6,109.8,-52
1526,156077.4,43.4,216.5,0.83,179.8,109.8,-52
1555,159244.5,44.2,216.5,0.83,179.6,109.8,-52
1584,162439.7,45.1,216.4,0.83,180.0,109.7,-52
1613,165635.0,46.0,216.1,0.83,180.3,109.8,-52
1642,168798.9,46.9,214.6,0.83,179.0,109.5,-52
1670,171861.2,47.7,213.8,0.84,179.4,109.7,-52
1699,175050.5,48.6,213.4,0.84,179.4,109.4,-52
1728,178237.8,49.5,213.4,0.84,179.7,109.5,-52
1757,181394.1,50.4,213.3,0.84,179.6,109.6,-52
1786,184586.8,51.3,213.6,0.84,179.4,109.8,-52
1814,187651.5,52.1,213.1,0.84,179.6,109.7,-52
1843,190846.6,53.0,212.5,0.84,179.0,109.1,-52
1872,193992.0,53.9,212.3,0.85,179.4,109.4,-52
1901,197178.0,54.8,212.6,0.84,179.4,109.2,-53
1930,200327.3,55.6,212.9,0.85,180.1,109.4,-53
1958,203414.5,56.5,212.3,0.84,179.1,109.4,-52
1987,206568.8,57.4,211.0,0.85,179.6,109.4,-53
2016,209753.9,58.3,211.0,0.85,178.9,109.1,-52
2045,212898.4,59.1,211.0,0.85,179.6,109.5,-52
2074,216088.1,60.0,212.1,0.85,179.4,109.5,-52
2102,219148.4,60.9,212.0,0.84,178.7,109.6,-52
2131,222339.3,61.8,212.7,0.84,179.0,109.4,-52
2160,225492.5,62.6,212.5,0.84,178.7,109.4,-52
2189,228677.7,63.5,212.4,0.84,179.5,109.6,-52
2218,231840.7,64.4,212.2,0.85,179.4,109.7,-52
2246,234930.5,65.3,213.4,0.84,179.0,109.1,-52
2275,238076.4,66.1,213.4,0.84,179.6,109.5,-52
2304,241261.9,67.0,212.5,0.84,179.1,109.5,-52
2333,244449.4,67.9,212.3,0.84,178.5,109.1,-52
2362,247592.2,68.8,211.2,0.85,178.6,109.5,-52
2390,250679.7,69.6,210.7,0.85,178.5,109.2,-52
2419,253828.1,70.5,211.2,0.78,165.1,99.9,-53
2448,256738.2,71.3,211.6,0.75,157.9,94.7,-53
2482,259997.7,72.2,211.1,0.75,157.6,94.7,-53
2506,262274.7,72.9,211.2,0.75,159.3,95.6,-53
2534,264941.6,73.6,211.1,0.76,161.3,97.3,-53
2563,267773.8,74.4,210.8,0.76,160.3,96.5,-53
2592,270592.3,75.2,0.0,0.00,0.0,0.0,0
