DATALYSE	Herning Gymnasium	Afkøling af fiksersalt. Tstue=24°C	1
DMI multimeter	0	3	0	1
t /s	t /°C
 0.25	 72.1
 60.25	 69.2
 120.25	 65.7
 180.25	 62.7
 240.25	 59.8333
 300.25	 57.0333
 360.25	 54.4666
 420.25	 52.2
 480.25	 50.1
 540.25	 48.2
 600.25	 46.4
 660.25	 44.6
 720.25	 42.7
 780.25	 40.9
 840.25	 39.3
 900.25	 38.3
 960.25	 37.4
 1020.25	 36.5
 1080.25	 35.9
 1140.25	 35.1
 1200.25	 44.6333
 1260.25	 46.3
 1320.25	 46.6
 1380.25	 46.7
 1440.25	 46.7
 1500.25	 46.7
 1560.25	 46.6333
 1620.25	 46.6
 1680.25	 46.6
 1740.25	 46.6
 1800.25	 46.6
 1860.25	 46.5
 1920.25	 46.5
 1980.25	 46.4666
 2040.25	 46.4
 2100.25	 46.4
 2160.25	 46.3
 2220.25	 46.3
 2280.25	 46.3
 2340.25	 46.2
 2400.25	 46.2
 2460.25	 46.2
 2520.25	 46.2
 2580.25	 46.1
 2640.25	 46
 2700.25	 46
 2760.25	 46
 2820.25	 45.9
 2880.25	 45.8
 2940.25	 45.8
 3000.25	 45.7
 3060.25	 45.6
 3120.25	 45.4333
 3180.25	 45.2
 3240.25	 45.1
 3300.25	 44.9666
 3360.25	 44.6
 3420.25	 44.3
 3480.25	 44
 3540.25	 43.5
 3600.25	 43
 3660.25	 42.2
 3720.25	 41.3
 3780.25	 40.3
 3840.25	 38.9666
 3900.25	 37.5
 3960.25	 35.9
 4020.25	 34.5
 4080.25	 33.3
 4140.25	 32.2666
 4200.25	 31.4
 4260.25	 30.5
 4320.25	 29.8
 4380.25	 29.2
 4440.25	 28.6
 4500.25	 28
 4560.25	 27.6
 4620.25	 27.2
 4680.25	 26.8
 4740.25	 26.5
 4800.25	 26.2
 4860.25	 25.9
 4920.25	 25.7333
 4980.25	 25.5
 5040.25	 25.2333
 5100.25	 25
 5160.25	 24.9
 5220.25	 24.7
" 
"f(t)=t
"a1=0
"a2=0
"a3=0
"a4=0
