DATALYSE	Herning Gymnasium	absorption i grøn fingermaling	1
Shimadzu spektrofotometer	0	0	0	2
B/nm	T/%
 300.996	 0.3
 301.993	 0.3
 302.99	 0.3
 303.986	 0.3
 304.983	 0.3
 305.98	 0.4
 306.976	 0.3
 307.973	 0.3
 308.97	 0.3
 309.966	 0.3
 310.963	 0.4
 311.96	 0.4
 312.956	 0.4
 313.953	 0.4
 314.95	 0.4
 315.946	 0.4
 316.943	 0.3
 317.94	 0.4
 318.936	 0.3
 319.933	 0.3
 320.93	 0.3
 321.926	 0.3
 322.923	 0.3
 323.92	 0.3
 324.916	 0.3
 325.913	 0.3
 326.91	 0.3
 327.906	 0.3
 328.903	 0.2
 329.9	 0.2
 330.897	 0.2
 331.893	 0.2
 332.89	 0.2
 333.887	 0.2
 334.883	 0.2
 335.88	 0.2
 336.877	 0.2
 337.873	 0.1
 338.87	 0.1
 339.867	 0.1
 340.863	 0.1
 341.86	 0.1
 342.857	 0.1
 343.853	 0.1
 344.85	 0.1
 345.847	 0.1
 346.843	 0.1
 347.84	 0.1
 348.837	 0.1
 349.833	 0.1
 350.83	 0.1
 351.827	 0.1
 352.823	 0.1
 353.82	 0.1
 354.817	 0.2
 355.813	 0.2
 356.81	 0.2
 357.807	 0.2
 358.803	 0.3
 359.8	 0.3
 360.797	 0.4
 361.794	 0.5
 362.79	 0.5
 363.787	 0.6
 364.784	 0.7
 365.78	 1
 366.777	 1.2
 367.774	 1.3
 368.77	 1.6
 369.767	 1.8
 370.764	 2
 371.76	 2.3
 372.757	 2.6
 373.754	 2.9
 374.75	 3.3
 375.747	 3.7
 376.744	 4.1
 377.74	 4.5
 378.737	 4.8
 379.734	 5.3
 380.73	 5.7
 381.727	 6
 382.724	 6.4
 383.72	 6.8
 384.717	 7.2
 385.714	 7.5
 386.71	 7.8
 387.707	 8.1
 388.704	 8.4
 389.7	 8.7
 390.697	 9
 391.694	 9.2
 392.691	 9.4
 393.687	 9.6
 394.684	 9.7
 395.681	 9.9
 396.677	 10
 397.674	 10.1
 398.671	 10.2
 399.667	 10.3
 400.664	 10.4
 401.661	 10.5
 402.657	 10.5
 403.654	 10.6
 404.651	 10.6
 405.647	 10.7
 406.644	 10.7
 407.641	 10.7
 408.637	 10.8
 409.634	 10.8
 410.631	 10.8
 411.627	 10.9
 412.624	 10.9
 413.621	 10.9
 414.617	 10.9
 415.614	 11
 416.611	 11
 417.607	 11
 418.604	 11.1
 419.601	 11.1
 420.598	 11.1
 421.594	 11.1
 422.591	 11.1
 423.588	 11.2
 424.584	 11.2
 425.581	 11.2
 426.578	 11.2
 427.574	 11.2
 428.571	 11.2
 429.568	 11.3
 430.564	 11.3
 431.561	 11.3
 432.558	 11.3
 433.554	 11.4
 434.551	 11.4
 435.548	 11.4
 436.544	 11.5
 437.541	 11.5
 438.538	 11.6
 439.534	 11.6
 440.531	 11.6
 441.528	 11.7
 442.524	 11.7
 443.521	 11.7
 444.518	 11.8
 445.514	 11.9
 446.511	 11.9
 447.508	 11.9
 448.504	 11.9
 449.501	 12
 450.498	 12
 451.495	 12
 452.491	 12
 453.488	 12.1
 454.485	 12.1
 455.481	 12.2
 456.478	 12.2
 457.475	 12.2
 458.471	 12.3
 459.468	 12.4
 460.465	 12.4
 461.461	 12.5
 462.458	 12.5
 463.455	 12.6
 464.451	 12.6
 465.448	 12.7
 466.445	 12.8
 467.441	 12.8
 468.438	 12.9
 469.435	 12.9
 470.431	 13
 471.428	 13
 472.425	 13.1
 473.421	 13.1
 474.418	 13.2
 475.415	 13.2
 476.411	 13.3
 477.408	 13.4
 478.405	 13.4
 479.401	 13.4
 480.398	 13.5
 481.395	 13.5
 482.392	 13.5
 483.388	 13.6
 484.385	 13.7
 485.382	 13.7
 486.378	 13.7
 487.375	 13.8
 488.372	 13.8
 489.368	 13.9
 490.365	 13.9
 491.362	 14
 492.358	 14
 493.355	 14.1
 494.352	 14.1
 495.348	 14.1
 496.345	 14.1
 497.342	 14.2
 498.338	 14.3
 499.335	 14.3
 500.332	 14.4
 501.328	 14.5
 502.325	 14.5
 503.322	 14.6
 504.318	 14.6
 505.315	 14.7
 506.312	 14.8
 507.308	 14.8
 508.305	 14.9
 509.302	 15
 510.299	 15.1
 511.295	 15.1
 512.292	 15.2
 513.289	 15.2
 514.285	 15.3
 515.282	 15.4
 516.279	 15.5
 517.275	 15.6
 518.272	 15.6
 519.269	 15.7
 520.265	 15.8
 521.262	 15.8
 522.259	 15.9
 523.255	 16
 524.252	 16.1
 525.249	 16.2
 526.245	 16.2
 527.242	 16.3
 528.239	 16.4
 529.235	 16.4
 530.232	 16.5
 531.229	 16.6
 532.225	 16.7
 533.222	 16.8
 534.219	 16.8
 535.215	 16.9
 536.212	 17
 537.209	 17.1
 538.205	 17.2
 539.202	 17.3
 540.199	 17.3
 541.196	 17.4
 542.192	 17.5
 543.189	 17.5
 544.186	 17.6
 545.182	 17.7
 546.179	 17.7
 547.176	 17.8
 548.172	 17.8
 549.169	 17.9
 550.166	 18
 551.162	 18
 552.159	 18.1
 553.156	 18.1
 554.152	 18.2
 555.149	 18.2
 556.146	 18.2
 557.142	 18.3
 558.139	 18.3
 559.136	 18.4
 560.132	 18.4
 561.129	 18.4
 562.126	 18.4
 563.122	 18.5
 564.119	 18.4
 565.116	 18.5
 566.112	 18.5
 567.109	 18.5
 568.106	 18.5
 569.102	 18.5
 570.099	 18.5
 571.096	 18.4
 572.093	 18.4
 573.089	 18.4
 574.086	 18.3
 575.083	 18.3
 576.079	 18.2
 577.076	 18.2
 578.073	 18.1
 579.069	 18
 580.066	 17.9
 581.063	 17.8
 582.059	 17.7
 583.056	 17.6
 584.053	 17.4
 585.049	 17.3
 586.046	 17.2
 587.043	 17
 588.039	 16.8
 589.036	 16.7
 590.033	 16.5
 591.029	 16.3
 592.026	 16.1
 593.023	 15.9
 594.019	 15.7
 595.016	 15.5
 596.013	 15.3
 597.009	 15.1
 598.006	 14.9
 599.003	 14.8
 600	 14.6
 600.996	 14.4
 601.993	 14.2
 602.99	 14.1
 603.986	 13.9
 604.983	 13.8
 605.98	 13.6
 606.976	 13.5
 607.973	 13.4
 608.97	 13.3
 609.966	 13.2
 610.963	 13.1
 611.96	 13
 612.956	 12.9
 613.953	 12.8
 614.95	 12.7
 615.946	 12.7
 616.943	 12.6
 617.94	 12.6
 618.936	 12.5
 619.933	 12.5
 620.93	 12.4
 621.926	 12.4
 622.923	 12.3
 623.92	 12.3
 624.916	 12.3
 625.913	 12.2
 626.91	 12.2
 627.906	 12.2
 628.903	 12.2
 629.9	 12.1
 630.897	 12.1
 631.893	 12.1
 632.89	 12.1
 633.887	 12
 634.883	 12
 635.88	 12
 636.877	 12
 637.873	 11.9
 638.87	 11.9
 639.867	 11.9
 640.863	 11.8
 641.86	 11.8
 642.857	 11.8
 643.853	 11.8
 644.85	 11.7
 645.847	 11.7
 646.843	 11.7
 647.84	 11.6
 648.837	 11.6
 649.833	 11.6
 650.83	 11.6
 651.827	 11.5
 652.823	 11.5
 653.82	 11.5
 654.817	 11.5
 655.813	 11.5
 656.81	 11.5
 657.807	 11.5
 658.803	 11.5
 659.8	 11.5
 660.797	 11.5
 661.794	 11.6
 662.79	 11.6
 663.787	 11.6
 664.784	 11.7
 665.78	 11.7
 666.777	 11.8
 667.774	 11.8
 668.77	 11.9
 669.767	 11.9
 670.764	 12
 671.76	 12.1
 672.757	 12.1
 673.754	 12.2
 674.75	 12.3
 675.747	 12.3
 676.744	 12.4
 677.74	 12.5
 678.737	 12.6
 679.734	 12.6
 680.73	 12.7
 681.727	 12.8
 682.724	 12.8
 683.72	 12.9
 684.717	 13
 685.714	 13.1
 686.71	 13.1
 687.707	 13.2
 688.704	 13.3
 689.7	 13.3
 690.697	 13.4
 691.694	 13.5
 692.691	 13.5
 693.687	 13.6
 694.684	 13.7
 695.681	 13.8
 696.677	 13.8
 697.674	 13.9
 698.671	 14
 699.667	 14
 700.664	 14.1
 701.661	 14.2
 702.657	 14.2
 703.654	 14.3
 704.651	 14.3
 705.647	 14.4
 706.644	 14.4
 707.641	 14.4
 708.637	 14.5
 709.634	 14.5
 710.631	 14.5
 711.627	 14.5
 712.624	 14.5
 713.621	 14.5
 714.617	 14.5
 715.614	 14.5
 716.611	 14.5
 717.607	 14.5
 718.604	 14.5
 719.601	 14.5
 720.598	 14.4
 721.594	 14.4
 722.591	 14.4
 723.588	 14.3
 724.584	 14.3
 725.581	 14.3
 726.578	 14.2
 727.574	 14.2
 728.571	 14.2
 729.568	 14.1
 730.564	 14.1
 731.561	 14.1
 732.558	 14.1
 733.554	 14.1
 734.551	 14.1
 735.548	 14.1
 736.544	 14.1
 737.541	 14.1
 738.538	 14.2
 739.534	 14.2
 740.531	 14.3
 741.528	 14.3
 742.524	 14.4
 743.521	 14.4
 744.518	 14.5
 745.514	 14.5
 746.511	 14.6
 747.508	 14.7
 748.504	 14.7
 749.501	 14.8
 750.498	 14.9
 751.495	 15
 752.491	 15
 753.488	 15.1
 754.485	 15.2
 755.481	 15.2
 756.478	 15.3
 757.475	 15.4
 758.471	 15.4
 759.468	 15.5
 760.465	 15.5
 761.461	 15.6
 762.458	 15.7
 763.455	 15.7
 764.451	 15.8
 765.448	 15.8
 766.445	 15.9
 767.441	 15.9
 768.438	 15.9
 769.435	 16
 770.431	 16
 771.428	 16.1
 772.425	 16.1
 773.421	 16.1
 774.418	 16.1
 775.415	 16.2
 776.411	 16.2
 777.408	 16.2
 778.405	 16.2
 779.401	 16.2
 780.398	 16.2
 781.395	 16.2
 782.392	 16.3
 783.388	 16.3
 784.385	 16.3
 785.382	 16.3
 786.378	 16.3
 787.375	 16.3
 788.372	 16.4
 789.368	 16.4
 790.365	 16.4
 791.362	 16.5
 792.358	 16.5
 793.355	 16.5
 794.352	 16.6
 795.348	 16.6
 796.345	 16.7
 797.342	 16.7
 798.338	 16.8
 799.335	 16.8
 800.332	 16.9
 801.328	 16.9
 802.325	 17
 803.322	 17
 804.318	 17.1
 805.315	 17.2
 806.312	 17.2
 807.308	 17.3
 808.305	 17.4
 809.302	 17.4
 810.299	 17.5
 811.295	 17.6
 812.292	 17.6
 813.289	 17.7
 814.285	 17.8
 815.282	 17.8
 816.279	 17.9
 817.275	 18
 818.272	 18
 819.269	 18.1
 820.265	 18.2
 821.262	 18.2
 822.259	 18.3
 823.255	 18.3
 824.252	 18.4
 825.249	 18.5
 826.245	 18.5
 827.242	 18.6
 828.239	 18.6
 829.235	 18.7
 830.232	 18.7
 831.229	 18.8
 832.225	 18.8
 833.222	 18.9
 834.219	 18.9
 835.215	 19
 836.212	 19
 837.209	 19.1
 838.205	 19.2
 839.202	 19.2
 840.199	 19.3
 841.196	 19.3
 842.192	 19.4
 843.189	 19.4
 844.186	 19.5
 845.182	 19.6
 846.179	 19.7
 847.176	 19.7
 848.172	 19.8
 849.169	 19.8
 850.166	 19.9
 851.162	 19.9
 852.159	 20
 853.156	 20
 854.152	 20.1
 855.149	 20.1
 856.146	 20.2
 857.142	 20.3
 858.139	 20.3
 859.136	 20.4
 860.132	 20.5
 861.129	 20.5
 862.126	 20.6
 863.122	 20.6
 864.119	 20.7
 865.116	 20.8
 866.112	 20.8
 867.109	 20.9
 868.106	 21
 869.102	 21.1
 870.099	 21.1
 871.096	 21.2
 872.093	 21.3
 873.089	 21.4
 874.086	 21.5
 875.083	 21.6
 876.079	 21.6
 877.076	 21.7
 878.073	 21.8
 879.069	 21.8
 880.066	 21.9
 881.063	 22
 882.059	 22
 883.056	 22.1
 884.053	 22.1
 885.049	 22.2
 886.046	 22.2
 887.043	 22.3
 888.039	 22.3
 889.036	 22.4
 890.033	 22.5
 891.029	 22.5
 892.026	 22.6
 893.023	 22.6
 894.019	 22.7
 895.016	 22.7
 896.013	 22.8
 897.009	 22.8
 898.006	 22.9
 899.003	 22.9
" 
"f(t)=t
"a1=0
"a2=0
"a3=0
"a4=0
