DATALYSE,Frederikssund Gymnasium,,1
&DMI multimeter,0,2,0,2
mL,pH
 0.0028336, 2.43
 0.0261721, 2.43
 0.0516488, 2.43
 0.0778209, 2.44
 0.103284, 2.44
 0.129456, 2.44
 0.154933, 2.45
 0.180397, 2.46
 0.206569, 2.46
 0.232033, 2.47
 0.258218, 2.47
 0.283682, 2.48
 0.309145, 2.49
 0.335317, 2.49
 0.360794, 2.49
 0.386966, 2.51
 0.41243, 2.52
 0.438602, 2.52
 0.464079, 2.53
 0.489543, 2.54
 0.515715, 2.54
 0.541191, 2.54
 0.567364, 2.55
 0.592827, 2.56
 0.618291, 2.58
 0.648714, 2.58
 0.66994, 2.59
 0.696112, 2.58
 0.721576, 2.61
 0.747052, 2.61
 0.773225, 2.62
 0.798688, 2.63
 0.824873, 2.63
 0.850337, 2.64
 0.876509, 2.66
 0.906932, 2.65
 0.92745, 2.67
 0.953622, 2.68
 0.979086, 2.7
 1.00525, 2.71
 1.03073, 2.69
 1.05619, 2.72
 1.08237, 2.74
 1.10784, 2.75
 1.13401, 2.76
 1.15948, 2.77
 1.18565, 2.78
 1.21113, 2.8
 1.23659, 2.8
 1.26276, 2.82
 1.28823, 2.83
 1.31441, 2.84
 1.33988, 2.87
 1.36534, 2.88
 1.39151, 2.9
 1.41699, 2.92
 1.44316, 2.94
 1.46862, 2.96
 1.4941, 2.98
 1.52027, 2.99
 1.54574, 3.01
 1.57191, 3.03
 1.59739, 3.06
 1.62356, 3.09
 1.64902, 3.12
 1.67449, 3.14
 1.70067, 3.17
 1.72613, 3.18
 1.75231, 3.23
 1.77778, 3.27
 1.80325, 3.31
 1.82942, 3.37
 1.85488, 3.41
 1.88107, 3.46
 1.90653, 3.53
 1.932, 3.6
 1.95817, 3.71
 1.98364, 3.84
 2.00982, 4.04
 2.03528, 4.24
 2.06145, 4.65
 2.08693, 4.91
 2.11239, 5.21
 2.13856, 5.42
 2.16404, 5.56
 2.19021, 5.67
 2.21568, 5.78
 2.24114, 5.88
 2.26733, 5.93
 2.29279, 5.99
 2.31896, 6.05
 2.34443, 6.1
 2.37061, 6.14
 2.39607, 6.18
 2.42154, 6.22
 2.44771, 6.25
 2.47319, 6.28
 2.49936, 6.32
 2.52482, 6.35
 2.5503, 6.37
 2.57647, 6.41
 2.60194, 6.44
 2.62811, 6.47
 2.65358, 6.49
 2.67905, 6.52
 2.70522, 6.54
 2.73068, 6.57
 2.75687, 6.59
 2.78233, 6.61
 2.8085, 6.63
 2.83398, 6.66
 2.85945, 6.68
 2.88562, 6.7
 2.91108, 6.73
 2.93727, 6.75
 2.96273, 6.77
 2.98819, 6.79
 3.01437, 6.81
 3.03984, 6.84
 3.06601, 6.85
 3.09148, 6.87
 3.11696, 6.89
 3.14313, 6.91
 3.16859, 6.94
 3.19476, 6.97
 3.22024, 6.99
 3.24641, 7.01
 3.27188, 7.03
 3.29734, 7.06
 3.32352, 7.07
 3.34899, 7.09
 3.37516, 7.12
 3.40062, 7.15
 3.4261, 7.17
 3.45227, 7.2
 3.47774, 7.22
 3.50392, 7.26
 3.52939, 7.28
 3.55556, 7.31
 3.58102, 7.35
 3.6065, 7.37
 3.63267, 7.4
 3.65813, 7.44
 3.68431, 7.47
 3.70978, 7.52
 3.73525, 7.57
 3.76142, 7.61
 3.7869, 7.67
 3.81307, 7.71
 3.83853, 7.78
 3.864, 7.82
 3.89018, 7.92
 3.91564, 7.99
 3.94182, 8.08
 3.96728, 8.21
 3.99346, 8.35
 4.01893, 8.52
 4.04439, 8.73
 4.07056, 8.9
 4.09604, 9.06
 4.12221, 9.22
 4.14768, 9.37
 4.17315, 9.49
 4.19933, 9.6
 4.22479, 9.69
 4.25096, 9.77
 4.27644, 9.86
 4.30261, 9.91
 4.32807, 9.97
 4.35354, 10.02
 4.37972, 10.09
 4.40519, 10.13
 4.43136, 10.18
 4.45682, 10.23
 4.4823, 10.27
 4.50847, 10.31
 4.53394, 10.35
 4.56012, 10.37
 4.58558, 10.4
 4.61105, 10.44
 4.63722, 10.45
 4.6627, 10.48
 4.68887, 10.5
 4.71433, 10.53
 4.7405, 10.55
 4.76598, 10.56
 4.79145, 10.58
 4.81762, 10.6
 4.84309, 10.61
 4.86927, 10.63
 4.89473, 10.66
 4.92019, 10.67
 4.94638, 10.68
 4.97184, 10.7
 4.99801, 10.71
 5.02348, 10.72
 5.04896, 10.74
 5.07513, 10.75
 5.10059, 10.76
 5.12676, 10.78
 5.15224, 10.79
 5.17841, 10.8
 5.20388, 10.82
 5.22935, 10.82
 5.25552, 10.84
 5.28099, 10.84
 5.30716, 10.85
 5.33264, 10.85
 5.3581, 10.87
 5.38427, 10.88
 5.40974, 10.88
 5.43592, 10.9
 5.46139, 10.9
 5.48756, 10.91
 5.51303, 10.92
 5.5385, 10.91
 5.56467, 10.92
 5.59013, 10.95
 5.61632, 10.95
 5.64178, 10.94
 5.66725, 10.95
 5.69342, 10.96
 5.7189, 10.97
 5.74507, 10.99
 5.77053, 10.98
 5.79601, 11
 5.82218, 10.99
 5.84764, 10.99
 5.87382, 11.01
 5.89929, 11
 5.92546, 11.02
 5.95093, 11.04
 5.97639, 11.03
 6.00258, 11.03
 6.02804, 11.05
 6.05421, 11.05
 6.07968, 11.05
 6.10515, 11.05
 6.13133, 11.05
 6.15679, 11.07
 6.18296, 11.07
 6.20844, 11.06
 6.23461, 11.08
 6.26007, 11.09
 6.28555, 11.08
 6.31172, 11.09
 6.33719, 11.11
 6.36336, 11.11
 6.38884, 11.11
 6.4143, 11.11
 6.44047, 11.13
 6.46594, 11.13
 6.49212, 11.13
 6.51758, 11.13
 6.54305, 11.13
 6.56923, 11.13
 6.5947, 11.14
 6.62087, 11.14
 6.64633, 11.15
 6.67252, 11.15
 6.69798, 11.16
 6.72345, 11.15
 6.74962, 11.16
 6.77509, 11.17
 6.80127, 11.17
 6.82673, 11.17
 6.85221, 11.18
 6.87838, 11.18
 6.90384, 11.18
 6.93001, 11.19
 6.95549, 11.2
 6.98096, 11.19
 7.00713, 11.2
 7.03259, 11.2
 7.05878, 11.2
 7.08424, 11.2
 7.11041, 11.21
 7.13588, 11.21
 7.16135, 11.22
 7.18752, 11.22
 7.21299, 11.22
 7.23917, 11.22
 7.26464, 11.24
 7.2901, 11.23
 7.31627, 11.23
 7.34175, 11.23
 7.36792, 11.24
 7.39339, 11.25
 7.41956, 11.25
 7.44503, 11.26
 7.4705, 11.25
 7.49667, 11.26
 7.52215, 11.25
 7.54832, 11.26
 7.57378, 11.26
 7.59925, 11.26
 7.62543, 11.26
 7.6509, 11.27
 7.67707, 11.28
 7.70253, 11.27
 7.72801, 11.28
 7.75418, 11.28
 7.77964, 11.29
 7.80582, 11.28
 7.83129, 11.3
 7.85746, 11.28
 7.88293, 11.3
 7.90841, 11.29
 7.93458, 11.29
 7.96004, 11.31
 7.98621, 11.3
 8.01169, 11.29
 8.03715, 11.3
 8.06333, 11.31
 8.08879, 11.31
 8.11497, 11.3
 8.14044, 11.32
 8.16661, 11.33
 8.19207, 11.33
 8.21755, 11.32
 8.24372, 11.33
 8.26919, 11.33
 8.29537, 11.34
 8.32084, 11.34
 8.3463, 11.32
 8.37247, 11.35
 8.39795, 11.33
 8.42412, 11.33
 8.44958, 11.34
 8.47505, 11.35
 8.50123, 11.35
 8.5267, 11.36
 8.55287, 11.36
 8.57835, 11.36
 8.60452, 11.36
 8.62998, 11.35
 8.65545, 11.36
 8.68163, 11.36
 8.70709, 11.37
 8.73327, 11.37
 8.75873, 11.37
 8.78421, 11.38
 8.81038, 11.38
 8.83584, 11.37
 8.86201, 11.37
 8.88749, 11.37
 8.91296, 11.37
 8.93913, 11.38
 8.9646, 11.38
 8.99078, 11.38
 9.01624, 11.39
 9.04241, 11.41
"HC Frederikssund Gymnasium 05.02.097
"DMI-24 anvendt som pH-meter. Kalibrering på buffer 4.01. Kun én buffer anvendt.
"Billig 220 volt pumpe.
"50,0 mL phosphorsyre titreret med 0,100 M NaOH
"pumpekonstant 0.001288 mL pr. sekund er indlagt som X-akse faktor for x-aksen.
"phosphorsyres formelle koncentration 0.206 mmol/50 mL =0.00412 M
