DATALYSE,Carl Hemmingsen,En brusetablet i et glas vand,1
Mettler,0,1,0,3
t/s,m/g
 0, 46.92
 2, 46.92
 4, 49.48
 6, 49.48
 8, 49.47
 10, 49.45
 12, 49.43
 14, 49.4
 16, 49.38
 18, 49.35
 20, 49.33
 22, 49.31
 24, 49.3
 26, 49.28
 28, 49.26
 30, 49.25
 32, 49.24
 34, 49.23
 36, 49.22
 38, 49.21
 40, 49.2
 42, 49.19
 44, 49.19
 46, 49.18
 48, 49.17
 50, 49.16
 52, 49.15
 54, 49.15
 56, 49.14
 58, 49.13
 60, 49.12
 62, 49.12
 64, 49.11
 66, 49.1
 68, 49.1
 70, 49.09
 72, 49.09
 74, 49.08
 76, 49.07
 78, 49.07
 80, 49.07
 82, 49.06
 84, 49.06
 86, 49.05
 88, 49.04
 90, 49.04
 92, 49.04
 94, 49.03
 96, 49.03
 98, 49.03
 100, 49.02
 102, 49.02
 104, 49.02
 106, 49.01
 108, 49.01
 110, 49
 112, 49
 114, 49
 116, 48.99
 118, 48.99
 120, 48.99
 122, 48.99
 124, 48.98
 126, 48.98
 128, 48.98
 130, 48.98
 132, 48.98
 134, 48.97
 136, 48.96
 138, 48.97
 140, 48.96
 142, 48.96
 144, 48.96
 146, 48.96
 148, 48.96
 150, 48.95
 152, 48.95
 154, 48.95
 156, 48.95
 158, 48.95
 160, 48.95
 162, 48.94
 164, 48.94
 166, 48.94
 168, 48.94
 170, 48.94
 172, 48.94
 174, 48.94
 176, 48.94
 178, 48.94
 180, 48.94
 182, 48.94
 184, 48.94
 186, 48.93
 188, 48.93
 190, 48.93
 192, 48.93
 194, 48.93
 196, 48.93
 198, 48.93
