DATALYSE	Frederikssund Gymnasium	Titel	1
&cbl	0	3	0	3
t/s	x/m
 0.54	 1.39504
 0.57	 1.39834
 0.6	 1.40273
 0.63	 1.40492
 0.66	 1.40602
 0.69	 1.4148
 0.72	 1.417
 0.75	 1.39834
 0.78	 1.41041
 0.81	 1.41041
 0.84	 1.41809
 0.87	 1.43456
 0.9	 1.42029
 0.93	 1.39944
 0.96	 1.36541
 0.99	 1.33907
 1.02	 1.30504
 1.05	 1.27431
 1.08	 1.24358
 1.11	 1.20845
 1.14	 1.17662
 1.17	 1.14369
 1.2	 1.11077
 1.23	 1.07784
 1.26	 1.04491
 1.29	 1.01088
 1.32	 0.976864
 1.35	 0.943936
 1.38	 0.911008
 1.41	 0.876982
 1.44	 0.842956
 1.47	 0.810028
 1.5	 0.7771
 1.53	 0.74527
 1.56	 0.712342
 1.59	 0.679414
 1.62	 0.645388
 1.65	 0.61246
 1.68	 0.581728
 1.71	 0.5488
 1.74	 0.514774
 1.77	 0.482944
 1.8	 0.450016
 1.83	 0.450016
 1.86	 0.450016
"læser blok:  19
"Antal målinger læst: 200
"Scan læst, OK
" 1: [ 21: 39] : [1.1:1.7] :       x = -1.106 t + 2.437
"f(t)=t
"a1=0
"a2=0
"a3=0
"a4=0
