DATALYSE	Herning Gymnasium	Afladning af kondensator	1
DMI multimeter	0	1	0	2
t /s	U/V
 16	 4.85473
 17	 4.63867
 18	 4.43395
 19	 4.23742
 20	 4.04931
 21	 3.87158
 22	 3.70043
 23	 3.53613
 24	 3.3811
 25	 3.23254
 26	 3.09069
 27	 2.95373
 28	 2.82373
 29	 2.69934
 30	 2.57983
 31	 2.46704
 32	 2.35937
 33	 2.25463
 34	 2.15502
 35	 2.06005
 36	 1.97204
 37	 1.88354
 38	 1.80126
 39	 1.72314
 40	 1.64831
 41	 1.57531
 42	 1.50708
 43	 1.44067
 44	 1.37841
 45	 1.31665
 46	 1.26074
 47	 1.20446
 48	 1.15209
 49	 1.10314
 50	 1.05529
 51	 1.00964
 52	 0.965209
 53	 0.922851
 54	 0.884643
 55	 0.845825
 56	 0.807373
 57	 0.774414
 58	 0.738037
 59	 0.706787
 60	 0.677734
 61	 0.648071
 62	 0.620605
 63	 0.592407
 64	 0.569702
 65	 0.543579
 66	 0.520263
 67	 0.498535
 68	 0.477172
 69	 0.457519
 70	 0.436523
 71	 0.418701
 72	 0.401489
 73	 0.384277
 74	 0.367431
 75	 0.353149
 76	 0.337524
 77	 0.32373
 78	 0.308471
 79	 0.295532
 80	 0.283691
 81	 0.270996
 82	 0.260498
 83	 0.248779
 84	 0.237304
 85	 0.230346
 86	 0.218994
 87	 0.211059
 88	 0.202148
 89	 0.194946
 90	 0.185913
 91	 0.178833
 92	 0.169921
 93	 0.164184
 94	 0.156982
 95	 0.151611
 96	 0.145263
 97	 0.139648
 98	 0.133178
 99	 0.12854
 100	 0.123657
 101	 0.118164
 102	 0.113647
 103	 0.109985
 104	 0.105834
 105	 0.102294
 106	 0.0981445
 107	 0.093872
 108	 0.0895996
 109	 0.0860595
 110	 0.0837402
 111	 0.0805664
 112	 0.0770263
 113	 0.074707
 114	 0.0718994
 115	 0.067871
" 1: [  1:100] : [16.0:115.0] :    ln(U) = -0.043293 t + 2.2310
"    a=0.9576307, b=9.3089, T=16.011
"f(t)=a2*exp(a1*t)
"a1=-0.043293
"a2=9.3089
"a3=0
"a4=0
