DATALYSE	Frederikssund Gymnasium		1
MC24E counter	0	1	0	0
t /s	A/"Bq"
 500	 978
 1500	 892
 2500	 919
 3500	 829
 4500	 864
 5500	 983
 6500	 880
 7500	 814
 8500	 904
 9500	 920
 10500	 913
 11500	 861
 12500	 971
 13500	 863
 14500	 875
 15500	 970
 16500	 919
 17500	 1009
 18500	 969
 19500	 910
 20500	 933
 21500	 935
 22500	 891
 23500	 919
 24500	 969
 25500	 960
 26500	 899
 27500	 938
 28500	 890
 29500	 947
 30500	 898
 31500	 940
 32500	 873
 33500	 1009
 34500	 915
 35500	 889
 36500	 938
 37500	 913
 38500	 922
 39500	 987
 40500	 912
 41500	 911
 42500	 892
 43500	 976
 44500	 927
 45500	 916
 46500	 1043
 47500	 981
 48500	 987
 49500	 918
 50500	 910
 51500	 1051
 52500	 982
 53500	 877
 54500	 1020
 55500	 918
 56500	 892
 57500	-179
