DATALYSE	Stenløse Gymnasium		1
&DMI multimeter	0	0	0	2
t/s	T /C
 0.137	 77
 1.033	 77
 2.022	 76.9
 3.014	 76.8
 4.058	 76.7
 5.048	 76.6
 6.039	 76.5
 7.028	 76.4
 8.018	 76.4
 9.064	 76.2
 10.054	 76.2
 11.043	 76.1
 12.034	 76.1
 13.024	 75.9
 14.011	 75.9
 15.058	 75.8
 16.049	 75.7
 17.038	 75.6
 18.028	 75.5
 19.017	 75.5
 20.064	 75.4
 21.053	 75.3
 22.043	 75.2
 23.034	 75.1
 24.021	 75
 25.012	 74.9
 26.059	 74.8
 27.048	 74.8
 28.038	 74.7
 29.029	 74.6
 30.019	 74.5
 31.063	 74.5
 32.117	 74.3
 33.044	 74.3
 34.033	 74.2
 35.022	 74.2
 36.012	 74.1
 37.058	 74
 38.048	 73.9
 39.039	 73.9
 40.029	 73.8
 41.016	 73.7
 42.127	 73.6
 43.054	 73.6
 44.043	 73.5
 45.033	 73.4
 46.022	 73.4
 47.013	 73.3
 48.058	 73.2
 49.049	 73.1
 50.039	 73.1
 51.028	 73
 52.073	 73
 53.064	 72.9
 54.053	 72.8
 55.043	 72.7
 56.034	 72.7
 57.023	 72.6
 58.013	 72.5
 59.059	 72.5
 60.047	 72.4
 61.038	 72.4
 62.028	 72.3
 63.017	 72.2
 64.063	 72.1
 65.053	 72
 66.044	 72
 67.033	 71.9
 68.023	 71.9
 69.012	 71.8
 70.059	 71.7
 71.048	 71.7
 72.038	 71.6
 73.029	 71.5
 74.016	 71.5
 75.063	 71.4
 76.054	 71.3
 77.044	 71.3
 78.033	 71.2
 79.022	 71.2
 80.012	 71.1
 81.058	 71.1
 82.048	 71
 83.039	 70.9
 84.028	 70.9
 85.016	 70.8
 86.064	 70.7
 87.054	 70.7
 88.043	 70.6
 89.034	 70.5
 90.022	 70.5
 91.011	 70.4
 92.058	 70.3
 93.049	 70.3
 94.038	 70.2
 95.028	 70.1
 96.019	 70.1
 97.064	 70
 98.053	 70
 99.043	 69.9
 100.034	 69.8
 101.023	 69.7
 102.013	 69.7
 103.059	 69.6
 104.048	 69.6
 105.038	 69.5
 106.029	 69.4
 107.017	 69.4
 108.063	 69.3
 109.053	 69.3
 110.044	 69.2
 111.033	 69.1
 112.022	 69.1
 113.012	 69
 114.058	 68.9
 115.048	 68.9
 116.039	 68.9
 117.029	 68.8
 118.018	 68.7
 119.063	 68.7
 120.054	 68.6
 121.043	 68.6
 122.033	 68.5
 123.022	 68.5
 124.011	 68.4
 125.058	 68.4
 126.049	 68.3
 127.039	 68.2
 128.028	 68.2
 129.017	 68.1
 130.064	 68
 131.053	 68
 132.043	 67.9
 133.034	 67.9
 134.021	 67.8
 135.011	 67.8
 136.059	 67.7
 137.049	 67.7
 138.038	 67.6
 139.028	 67.6
 140.019	 67.5
 141.063	 67.5
 142.053	 67.4
 143.044	 67.3
 144.033	 67.3
 145.023	 67.2
 146.014	 67.2
 147.059	 67.2
 148.048	 67.1
 149.038	 67.1
 150.029	 67
 151.016	 67
 152.063	 66.9
 153.054	 66.8
 154.044	 66.8
 155.033	 66.7
 156.022	 66.7
 157.012	 66.7
 158.058	 66.6
 159.048	 66.5
 160.039	 66.5
 161.028	 66.5
 162.016	 66.4
 163.064	 66.3
 164.054	 66.3
 165.043	 66.2
 166.034	 66.2
 167.022	 66.1
 168.013	 66.1
 169.058	 66
 170.049	 66
 171.038	 65.9
 172.028	 65.9
 173.017	 65.8
 174.064	 65.8
 175.053	 65.7
 176.043	 65.7
 177.034	 65.6
 178.021	 65.6
 179.012	 65.5
 180.059	 65.5
 181.048	 65.4
 182.038	 65.4
 183.029	 65.3
 184.017	 65.3
 185.063	 65.2
 186.053	 65.2
 187.044	 65.1
 188.033	 65.1
 189.023	 65
 190.014	 65
 191.058	 65
 192.048	 64.9
 193.039	 64.9
 194.029	 64.8
 195.018	 64.8
 196.063	 64.7
 197.054	 64.6
 198.043	 64.6
 199.033	 64.5
 200.022	 64.5
 201.011	 64.4
 202.058	 64.4
 203.049	 64.3
 204.039	 64.3
 205.028	 64.2
 206.018	 64.2
 207.064	 64.2
 208.053	 64.1
 209.043	 64.1
 210.034	 64
 211.021	 64
 212.011	 63.9
 213.059	 63.9
 214.049	 63.8
 215.038	 63.7
 216.028	 63.7
 217.017	 63.7
 218.063	 63.6
 219.053	 63.6
 220.044	 63.6
 221.033	 63.5
 222.021	 63.5
 223.012	 63.4
 224.059	 63.3
 225.048	 63.3
 226.038	 63.3
 227.029	 63.2
 228.016	 63.2
 229.063	 63.1
 230.054	 63.1
 231.044	 63.1
 232.033	 63
 233.024	 63
 234.014	 63
 235.058	 62.9
 236.048	 62.8
 237.039	 62.8
 238.028	 62.7
 239.018	 62.7
 240.064	 62.7
 241.054	 62.7
 242.043	 62.6
 243.034	 62.5
 244.022	 62.5
 245.011	 62.5
 246.058	 62.4
 247.049	 62.4
 248.038	 62.3
 249.028	 62.2
 250.017	 62.2
 251.064	 62.2
 252.053	 62.1
 253.043	 62.1
 254.034	 62.1
 255.021	 62
 256.012	 62
 257.059	 61.9
 258.048	 61.9
 259.038	 61.8
 260.029	 61.8
 261.019	 61.8
 262.063	 61.8
 263.053	 61.7
 264.044	 61.7
 265.033	 61.6
 266.022	 61.6
 267.014	 61.5
 268.058	 61.5
 269.048	 61.4
 270.039	 61.4
 271.034	 61.3
 272.028	 61.3
 273.063	 61.3
 274.054	 61.3
 275.043	 61.2
 279.091	 61
 280.049	 61
 281.039	 61
 282.028	 60.9
 283.018	 60.8
 284.064	 60.8
 285.053	 60.8
 286.043	 60.7
 287.034	 60.7
 288.023	 60.7
 289.011	 60.6
 290.059	 60.6
 291.049	 60.5
 292.038	 60.5
 293.028	 60.5
 294.017	 60.3
 295.063	 60.3
 296.053	 60.3
 297.044	 60.3
 298.034	 60.2
 299.021	 60.2
 300.012	 60.1
 301.059	 60.1
 302.048	 60.1
 303.038	 60
 304.029	 60
 305.016	 59.9
 306.063	 59.9
 307.054	 59.9
 308.044	 59.8
 309.033	 59.8
 310.022	 59.8
 311.014	 59.7
 312.058	 59.7
 313.048	 59.7
 314.039	 59.6
 315.028	 59.5
 316.018	 59.5
 317.064	 59.5
 318.054	 59.4
 319.043	 59.4
 320.033	 59.4
 321.022	 59.3
 322.013	 59.3
 323.058	 59.3
 324.049	 59.2
 325.038	 59.2
 326.028	 59.2
 327.019	 59.1
 328.064	 59.1
 329.053	 59.1
 330.043	 59
 331.034	 58.9
 332.023	 58.9
 333.013	 58.9
 334.059	 58.8
 335.048	 58.8
 336.038	 58.8
 337.029	 58.7
 338.019	 58.7
 339.063	 58.6
 340.053	 58.6
 341.044	 58.5
 342.033	 58.5
 343.022	 58.5
 344.012	 58.4
 345.058	 58.4
 346.048	 58.4
 347.039	 58.3
 348.029	 58.3
 349.018	 58.2
 350.063	 58.2
 351.054	 58.2
 352.043	 58.2
 353.033	 58.1
 354.022	 58.1
 355.011	 58
 356.058	 58
 357.049	 57.9
 358.039	 57.9
 359.028	 57.9
 360.018	 57.8
 361.064	 57.8
 362.053	 57.8
 363.043	 57.7
 364.034	 57.7
 365.021	 57.7
 366.013	 57.6
 367.059	 57.6
 368.049	 57.6
 369.038	 57.5
 370.028	 57.5
 371.019	 57.5
 372.063	 57.4
 373.053	 57.4
 374.044	 57.3
 375.034	 57.3
 376.023	 57.3
 377.014	 57.2
 378.059	 57.2
 379.048	 57.2
 380.038	 57.2
 381.029	 57.1
 382.016	 57.1
 383.063	 57
 384.054	 57
 385.044	 56.9
 386.033	 56.9
 387.022	 56.9
 388.012	 56.8
 389.058	 56.8
 390.048	 56.8
 391.039	 56.7
 392.028	 56.7
 393.016	 56.6
 394.064	 56.6
 395.054	 56.6
 396.043	 56.6
 397.033	 56.5
 398.024	 56.5
 399.011	 56.5
 400.058	 56.4
 401.049	 56.4
 402.038	 56.3
 403.028	 56.3
 404.017	 56.2
 405.064	 56.2
 406.053	 56.2
 407.043	 56.1
 408.034	 56.1
 409.021	 56.1
 410.013	 56
 411.059	 56
 412.048	 56
 413.038	 55.9
 414.029	 55.8
 415.019	 55.9
 416.063	 55.8
 417.053	 55.8
 418.044	 55.8
 419.033	 55.7
 420.023	 55.7
 421.014	 55.7
 422.058	 55.6
 423.048	 55.6
 424.039	 55.6
 425.029	 55.5
 426.016	 55.5
 427.063	 55.5
 428.054	 55.4
 429.043	 55.4
 430.033	 55.3
 431.022	 55.3
 432.013	 55.3
 433.058	 55.3
 434.049	 55.2
 435.039	 55.2
 436.028	 55.2
 437.017	 55.1
 438.064	 55.1
 439.053	 55.1
 440.043	 55
 441.034	 55
 442.021	 55
 443.011	 55
 444.059	 54.9
 445.049	 54.9
 446.038	 54.8
 447.028	 54.8
 448.017	 54.8
 449.063	 54.8
 450.053	 54.8
 451.044	 54.8
 452.034	 54.8
 453.023	 54.9
 454.012	 54.9
 455.059	 54.9
 456.048	 54.9
 457.038	 54.9
 458.029	 54.9
 459.016	 54.9
 460.063	 54.9
 461.054	 54.9
 462.044	 55
 463.033	 54.9
 464.024	 54.9
 465.014	 54.9
 466.058	 54.9
 467.048	 54.9
 468.039	 54.8
 469.028	 54.8
 470.016	 54.8
 471.064	 54.8
 472.054	 54.8
 473.043	 54.8
 474.033	 54.7
 475.022	 54.7
 476.011	 54.7
 477.058	 54.7
 478.049	 54.6
 479.038	 54.6
 480.028	 54.6
 481.017	 54.6
 482.064	 54.5
 483.053	 54.5
 484.043	 54.5
 485.034	 54.5
 486.021	 54.4
 487.013	 54.4
 488.059	 54.4
 489.048	 54.4
 490.038	 54.4
 491.029	 54.3
 492.017	 54.3
 493.063	 54.3
 494.053	 54.2
 495.044	 54.2
 496.033	 54.2
 497.022	 54.2
 498.012	 54.1
 499.058	 54.1
 500.048	 54.1
 501.039	 54.1
 502.029	 54
 503.016	 54
 504.063	 54
 505.054	 54
 506.043	 53.9
 507.033	 53.9
 508.024	 53.9
 509.013	 53.9
 510.058	 53.9
 511.049	 53.8
 512.039	 53.8
 513.028	 53.8
 514.018	 53.8
 515.064	 53.8
 516.053	 53.7
 517.043	 53.7
 518.034	 53.7
 519.023	 53.7
 520.011	 53.6
 521.059	 53.6
 522.049	 53.6
 523.038	 53.6
 524.028	 53.6
 525.017	 53.5
 526.063	 53.5
 527.053	 53.5
 528.044	 53.5
 529.034	 53.5
 530.021	 53.4
 531.012	 53.4
 532.059	 53.4
 533.048	 53.4
 534.038	 53.4
 535.029	 53.3
 536.016	 53.3
 537.063	 53.3
 538.054	 53.3
 539.044	 53.2
 540.033	 53.2
 541.022	 53.2
 542.012	 53.1
 543.058	 53.1
 544.048	 53.1
 545.039	 53.1
 546.028	 53.1
 547.016	 53
 548.064	 53.1
 549.054	 53
 550.043	 53
 551.033	 53
 552.024	 53
 553.013	 52.9
 554.058	 52.9
 555.049	 52.9
 556.038	 52.9
 557.028	 52.8
 558.019	 52.8
 559.064	 52.8
 560.053	 52.8
 561.043	 52.7
 562.034	 52.7
 563.021	 52.7
 564.012	 52.7
 565.059	 52.6
 566.048	 52.6
 567.038	 52.6
 568.029	 52.6
 569.017	 52.6
 570.063	 52.5
 571.053	 52.6
 572.044	 52.5
 573.033	 52.5
 574.022	 52.5
 575.012	 52.5
 576.058	 52.4
 577.048	 52.4
 578.039	 52.3
 579.029	 52.3
 580.016	 52.4
 581.063	 52.3
 582.054	 52.3
 583.043	 52.3
 584.033	 52.2
 585.022	 52.2
 586.011	 52.2
 587.058	 52.2
 588.049	 52.2
 589.039	 52.1
 590.028	 52.1
 591.017	 52.1
 592.064	 52.1
 593.053	 52.1
 594.043	 52
 595.034	 52
 596.021	 52
 597.013	 52
 598.059	 52
 599.049	 51.9
 600.038	 51.9
 601.028	 51.9
 602.019	 51.9
 603.063	 51.8
 604.053	 51.8
 605.044	 51.8
 606.034	 51.8
 607.021	 51.8
 608.012	 51.7
 609.059	 51.7
 610.048	 51.7
 611.038	 51.7
 612.029	 51.6
 613.016	 51.6
 614.063	 51.6
 615.054	 51.6
 616.044	 51.6
 617.033	 51.5
 618.022	 51.5
 619.012	 51.5
 620.058	 51.5
 621.048	 51.5
 622.039	 51.4
 623.028	 51.4
 624.018	 51.4
 625.064	 51.4
 626.054	 51.4
 627.043	 51.3
 628.033	 51.3
 629.024	 51.3
 630.011	 51.3
 631.058	 51.2
 632.049	 51.2
 633.038	 51.2
 634.028	 51.1
 635.017	 51.1
 636.064	 51.1
 637.053	 51.1
 638.043	 51.1
 639.034	 51.1
 640.021	 51
 641.012	 51
 642.059	 51
 643.048	 50.9
 644.038	 50.9
 645.029	 50.9
 646.019	 50.9
 647.063	 50.9
 648.053	 50.8
 649.044	 50.8
 650.033	 50.8
 651.023	 50.8
 652.014	 50.7
 653.058	 50.8
 654.048	 50.7
 655.039	 50.7
 656.029	 50.7
 657.016	 50.7
 658.063	 50.6
 659.054	 50.6
 660.043	 50.6
 661.033	 50.6
 662.024	 50.6
 663.013	 50.5
 664.058	 50.5
 665.049	 50.5
 666.039	 50.5
 667.028	 50.5
 668.017	 50.4
 669.064	 50.4
 670.053	 50.4
 671.043	 50.4
 672.034	 50.4
 673.021	 50.3
 674.011	 50.3
 675.059	 50.3
 676.049	 50.3
 677.038	 50.3
 678.028	 50.3
 679.017	 50.2
 680.063	 50.2
 681.053	 50.2
 682.044	 50.2
 683.034	 50.1
 684.021	 50.2
 685.014	 50.1
 686.059	 50.1
 687.048	 50.1
 688.038	 50
 689.029	 50
 690.018	 50
 691.063	 50
 692.054	 50
 693.044	 50
 694.033	 49.9
 695.023	 49.9
 696.014	 49.9
 697.058	 49.9
 698.048	 49.8
 699.039	 49.9
 700.028	 49.9
 701.016	 49.8
 702.064	 49.8
 703.054	 49.8
 709.049	 49.7
 710.038	 49.6
 711.028	 49.6
 712.017	 49.6
 713.064	 49.6
 714.053	 49.6
 715.043	 49.5
 716.034	 49.5
 717.021	 49.5
 718.012	 49.5
 719.059	 49.5
 720.048	 49.4
 721.038	 49.4
 722.029	 49.4
 723.017	 49.4
 724.063	 49.4
 725.053	 49.3
 726.044	 49.4
 727.033	 49.3
 728.023	 49.3
 729.012	 49.3
 730.059	 49.3
 731.048	 49.2
 732.039	 49.2
 733.029	 49.2
 734.018	 49.2
 735.063	 49.2
 736.054	 49.1
 737.043	 49.1
 738.033	 49.1
 739.024	 49.1
 740.013	 49.1
 741.058	 49
 742.049	 49
 743.039	 49
 744.028	 49
 745.017	 48.9
 746.064	 49
 747.053	 48.9
 748.043	 48.9
 749.034	 48.9
 750.023	 48.9
 751.011	 48.9
 752.058	 48.9
 753.049	 48.8
 754.038	 48.8
 755.028	 48.8
 756.017	 48.8
 757.063	 48.7
 758.053	 48.8
 759.044	 48.7
 760.034	 48.7
 761.023	 48.7
 762.012	 48.7
 763.059	 48.7
 764.048	 48.6
 765.038	 48.6
 766.029	 48.6
 767.016	 48.6
 768.063	 48.6
 769.054	 48.5
 770.044	 48.5
 771.033	 48.5
 772.022	 48.5
 773.014	 48.4
 774.058	 48.4
 775.048	 48.4
 776.094	 48.4
 777.028	 48.4
 778.016	 48.4
 779.064	 48.4
 780.054	 48.3
 781.043	 48.3
 782.033	 48.3
 783.024	 48.2
 784.028	 48.2
 785.058	 48.2
 786.049	 48.2
 787.038	 48.2
 788.03	 48.2
 789.019	 48.2
 790.064	 48.1
"Kom 5 g KCLO3 i 22 mL vand opvarmes,
" så alt kaliumchlorat opløses.
"Grafen viser afkølingskurven
"Forklar det lille vandrette stykke på grafen!
"Peter Schwartz Jensen, Amtsgymnasiet i Sønderborg
