DATALYSE	Herning Gymnasium	Et køleskabs effekt	1
DMI multimeter	0	2	0	1
t /s	P / W
 0	 139.9
 30	 138.2
 32	 149.6
 40	 149.1
 42	 139
 84	 137.2
 86	 0
 1796	 0
 1798	 131.6
 1800	 157.2
 1802	 161.7
 1842	 158.4
 1856	 155.3
 1878	 152.2
 1946	 149.2
 1988	 146.2
 2032	 142.9
 2108	 139.9
 2182	 137.4
 2184	 1.5
 3908	 0
 3910	 153.7
 3912	 159.5
 3914	 162.8
 3952	 159.6
 3966	 156.6
 3986	 153.3
 4058	 149.5
 4100	 146.4
 4162	 143.4
 4232	 140.3
 4284	 138.9
 4286	 0.1
 6016	 0
 6018	 158.1
 6022	 163
 6056	 159.7
 6070	 156.2
 6094	 153
 6156	 150
 6186	 146.9
 6238	 143.9
 6310	 140.7
 6374	 137.7
 6408	 138.1
 6410	 0
 8154	 0
 8156	 71.4
 8158	 156.6
 8160	 161.2
 8166	 164.6
 8190	 161.5
 8202	 158.2
 8222	 154.7
 8252	 151.7
 8312	 147.8
 8382	 144.3
 8456	 140.5
 8542	 138.6
 8544	 0
 10276	 0
 10278	 157
 10280	 160.5
 10282	 164.2
 10316	 161
 10328	 157.7
 10350	 154.5
 10382	 151.5
 10454	 148
 10504	 145
 10562	 142
 10636	 138.7
 10652	 138.4
 10654	 0.1
 11848	 0
"f(t)=t
"a1=0
"a2=0
"a3=0
"a4=0
