DATALYSE	Usserød Skole
&elma 2732
t/s	T/°C	T/°C	DT/°C			
 36.046	 167	 166	 142	 0	 0	 0
 38.026	 165.1	 164.1	 140.1	 0	 0	 0
 40.006	 163.2	 162.2	 138.2	 0	 0	 0
 42.041	 161.2	 160.2	 136.2	 0	 0	 0
 44.023	 159.3	 158.3	 134.3	 0	 0	 0
 46.001	 157.4	 156.4	 132.4	 0	 0	 0
 48.036	 155.7	 154.7	 130.7	 0	 0	 0
 50.016	 154	 153	 129	 0	 0	 0
 52.051	 152.4	 151.4	 127.4	 0	 0	 0
 54.031	 150.9	 149.9	 125.9	 0	 0	 0
 56.011	 149.5	 148.5	 124.5	 0	 0	 0
 58.046	 148.2	 147.2	 123.2	 0	 0	 0
 60.026	 147	 146	 122	 0	 0	 0
 62.006	 145.8	 144.8	 120.8	 0	 0	 0
 64.041	 144.6	 143.6	 119.6	 0	 0	 0
 66.021	 143.5	 142.5	 118.5	 0	 0	 0
 68.001	 142.5	 141.5	 117.5	 0	 0	 0
 70.036	 141.4	 140.4	 116.4	 0	 0	 0
 72.016	 140.4	 139.4	 115.4	 0	 0	 0
 74.051	 139.5	 138.5	 114.5	 0	 0	 0
 76.031	 138.6	 137.6	 113.6	 0	 0	 0
 78.011	 137.7	 136.7	 112.7	 0	 0	 0
 80.046	 136.8	 135.8	 111.8	 0	 0	 0
 82.026	 136	 135	 111	 0	 0	 0
 84.006	 135.2	 134.2	 110.2	 0	 0	 0
 86.041	 134.4	 133.4	 109.4	 0	 0	 0
 88.021	 133.6	 132.6	 108.6	 0	 0	 0
 90.001	 132.8	 131.8	 107.8	 0	 0	 0
 92.036	 132.1	 131.1	 107.1	 0	 0	 0
 94.016	 131.4	 130.4	 106.4	 0	 0	 0
 96.051	 130.7	 129.7	 105.7	 0	 0	 0
 98.031	 130	 129	 105	 0	 0	 0
 100.011	 129.3	 128.3	 104.3	 0	 0	 0
 102.046	 128.7	 127.7	 103.7	 0	 0	 0
 104.026	 128	 127	 103	 0	 0	 0
 106.006	 127.3	 126.3	 102.3	 0	 0	 0
 108.041	 126.7	 125.7	 101.7	 0	 0	 0
 110.021	 126.1	 125.1	 101.1	 0	 0	 0
 112.056	 125.4	 124.4	 100.4	 0	 0	 0
 114.036	 124.8	 123.8	 99.8	 0	 0	 0
 116.016	 124.3	 123.3	 99.3	 0	 0	 0
 118.051	 123.7	 122.7	 98.7	 0	 0	 0
 120.031	 123.2	 122.2	 98.2	 0	 0	 0
 122.011	 122.6	 121.6	 97.6	 0	 0	 0
 124.046	 122	 121	 97	 0	 0	 0
 126.026	 121.5	 120.5	 96.5	 0	 0	 0
 128.006	 121	 120	 96	 0	 0	 0
 130.041	 120.4	 119.4	 95.4	 0	 0	 0
 132.021	 119.9	 118.9	 94.9	 0	 0	 0
 134.001	 119.4	 118.4	 94.4	 0	 0	 0
 136.036	 118.9	 117.9	 93.9	 0	 0	 0
 138.016	 118.4	 117.4	 93.4	 0	 0	 0
 140.051	 117.9	 116.9	 92.9	 0	 0	 0
 142.031	 117.4	 116.4	 92.4	 0	 0	 0
 144.011	 116.9	 115.9	 91.9	 0	 0	 0
 146.046	 116.5	 115.5	 91.5	 0	 0	 0
 148.026	 116	 115	 91	 0	 0	 0
 150.006	 115.6	 114.6	 90.6	 0	 0	 0
 152.041	 115.1	 114.1	 90.1	 0	 0	 0
 154.021	 114.7	 113.7	 89.7	 0	 0	 0
 156.001	 114.3	 113.3	 89.3	 0	 0	 0
 158.036	 113.8	 112.8	 88.8	 0	 0	 0
 160.016	 113.3	 112.3	 88.3	 0	 0	 0
 162.051	 112.9	 111.9	 87.9	 0	 0	 0
 164.031	 112.5	 111.5	 87.5	 0	 0	 0
 166.011	 112.1	 111.1	 87.1	 0	 0	 0
 168.046	 111.6	 110.6	 86.6	 0	 0	 0
 170.026	 111.2	 110.2	 86.2	 0	 0	 0
 172.006	 110.8	 109.8	 85.8	 0	 0	 0
 174.041	 110.4	 109.4	 85.4	 0	 0	 0
 176.021	 110	 109	 85	 0	 0	 0
 178.001	 109.6	 108.6	 84.6	 0	 0	 0
 180.036	 109.2	 108.2	 84.2	 0	 0	 0
 182.016	 108.8	 107.8	 83.8	 0	 0	 0
 184.051	 108.4	 107.4	 83.4	 0	 0	 0
 186.031	 108	 107	 83	 0	 0	 0
 188.011	 107.6	 106.6	 82.6	 0	 0	 0
 190.046	 107.2	 106.2	 82.2	 0	 0	 0
 192.026	 106.8	 105.8	 81.8	 0	 0	 0
 194.006	 106.4	 105.4	 81.4	 0	 0	 0
 196.041	 106.1	 105.1	 81.1	 0	 0	 0
 198.021	 105.6	 104.6	 80.6	 0	 0	 0
 200.001	 105.3	 104.3	 80.3	 0	 0	 0
 202.036	 104.9	 103.9	 79.9	 0	 0	 0
 204.016	 104.6	 103.6	 79.6	 0	 0	 0
 206.051	 104.2	 103.2	 79.2	 0	 0	 0
 208.031	 103.9	 102.9	 78.9	 0	 0	 0
 210.011	 103.5	 102.5	 78.5	 0	 0	 0
 212.046	 103.1	 102.1	 78.1	 0	 0	 0
 214.026	 102.8	 101.8	 77.8	 0	 0	 0
 216.006	 102.4	 101.4	 77.4	 0	 0	 0
 218.041	 102.1	 101.1	 77.1	 0	 0	 0
 220.021	 101.8	 100.8	 76.8	 0	 0	 0
 222.001	 101.4	 100.4	 76.4	 0	 0	 0
 224.036	 101.1	 100.1	 76.1	 0	 0	 0
 226.016	 100.7	 99.7	 75.7	 0	 0	 0
 228.051	 100.4	 99.4	 75.4	 0	 0	 0
 230.031	 100.1	 99.1	 75.1	 0	 0	 0
 232.011	 99.8	 98.8	 74.8	 0	 0	 0
 234.046	 99.4	 98.4	 74.4	 0	 0	 0
 236.026	 99.1	 98.1	 74.1	 0	 0	 0
 238.006	 98.8	 97.8	 73.8	 0	 0	 0
 240.041	 98.4	 97.4	 73.4	 0	 0	 0
 242.021	 98.1	 97.1	 73.1	 0	 0	 0
 244.001	 97.8	 96.8	 72.8	 0	 0	 0
 246.036	 97.4	 96.4	 72.4	 0	 0	 0
 248.016	 97.1	 96.1	 72.1	 0	 0	 0
 250.051	 96.9	 95.9	 71.9	 0	 0	 0
 252.031	 96.6	 95.6	 71.6	 0	 0	 0
 254.011	 96.2	 95.2	 71.2	 0	 0	 0
 256.046	 95.9	 94.9	 70.9	 0	 0	 0
 258.026	 95.6	 94.6	 70.6	 0	 0	 0
 260.006	 95.3	 94.3	 70.3	 0	 0	 0
 262.041	 95	 94	 70	 0	 0	 0
 264.021	 94.7	 93.7	 69.7	 0	 0	 0
 266.001	 94.4	 93.4	 69.4	 0	 0	 0
 268.036	 94.1	 93.1	 69.1	 0	 0	 0
 270.016	 93.8	 92.8	 68.8	 0	 0	 0
 272.051	 93.5	 92.5	 68.5	 0	 0	 0
 274.031	 93.2	 92.2	 68.2	 0	 0	 0
 276.011	 93	 92	 68	 0	 0	 0
 278.046	 92.7	 91.7	 67.7	 0	 0	 0
 280.026	 92.4	 91.4	 67.4	 0	 0	 0
 282.006	 92.1	 91.1	 67.1	 0	 0	 0
 284.041	 91.8	 90.8	 66.8	 0	 0	 0
 286.021	 91.5	 90.5	 66.5	 0	 0	 0
 288.001	 91.3	 90.3	 66.3	 0	 0	 0
 290.036	 91	 90	 66	 0	 0	 0
 292.016	 90.7	 89.7	 65.7	 0	 0	 0
 294.051	 90.4	 89.4	 65.4	 0	 0	 0
 296.031	 90.1	 89.1	 65.1	 0	 0	 0
 298.011	 89.9	 88.9	 64.9	 0	 0	 0
 300.046	 89.6	 88.6	 64.6	 0	 0	 0
 302.026	 89.3	 88.3	 64.3	 0	 0	 0
 304.006	 89.1	 88.1	 64.1	 0	 0	 0
 306.041	 88.8	 87.8	 63.8	 0	 0	 0
 308.021	 88.6	 87.6	 63.6	 0	 0	 0
 310.001	 88.3	 87.3	 63.3	 0	 0	 0
 312.036	 88	 87	 63	 0	 0	 0
 314.016	 87.8	 86.8	 62.8	 0	 0	 0
 316.051	 87.5	 86.5	 62.5	 0	 0	 0
 318.031	 87.2	 86.2	 62.2	 0	 0	 0
 320.011	 87	 86	 62	 0	 0	 0
 322.046	 86.7	 85.7	 61.7	 0	 0	 0
 324.026	 86.4	 85.4	 61.4	 0	 0	 0
 326.006	 86.2	 85.2	 61.2	 0	 0	 0
 328.041	 85.9	 84.9	 60.9	 0	 0	 0
 330.021	 85.7	 84.7	 60.7	 0	 0	 0
 332.001	 85.5	 84.5	 60.5	 0	 0	 0
 334.036	 85.2	 84.2	 60.2	 0	 0	 0
 336.016	 85	 84	 60	 0	 0	 0
 338.051	 84.7	 83.7	 59.7	 0	 0	 0
 340.031	 84.5	 83.5	 59.5	 0	 0	 0
 342.011	 84.3	 83.3	 59.3	 0	 0	 0
 344.046	 84	 83	 59	 0	 0	 0
 346.026	 83.8	 82.8	 58.8	 0	 0	 0
 348.006	 83.5	 82.5	 58.5	 0	 0	 0
 350.041	 83.3	 82.3	 58.3	 0	 0	 0
 352.021	 83.1	 82.1	 58.1	 0	 0	 0
 354.001	 82.8	 81.8	 57.8	 0	 0	 0
 356.036	 82.6	 81.6	 57.6	 0	 0	 0
 358.016	 82.4	 81.4	 57.4	 0	 0	 0
 360.051	 82.1	 81.1	 57.1	 0	 0	 0
 362.031	 81.9	 80.9	 56.9	 0	 0	 0
 364.011	 81.7	 80.7	 56.7	 0	 0	 0
 366.046	 81.4	 80.4	 56.4	 0	 0	 0
 368.026	 81.2	 80.2	 56.2	 0	 0	 0
 370.006	 81	 80	 56	 0	 0	 0
 372.041	 80.8	 79.8	 55.8	 0	 0	 0
 374.021	 80.5	 79.5	 55.5	 0	 0	 0
 376.001	 80.3	 79.3	 55.3	 0	 0	 0
 378.036	 80.1	 79.1	 55.1	 0	 0	 0
 380.016	 79.9	 78.9	 54.9	 0	 0	 0
 382.051	 79.7	 78.7	 54.7	 0	 0	 0
 384.031	 80.5	 79.5	 55.5	 0	 0	 0
 386.011	 80.9	 79.9	 55.9	 0	 0	 0
 388.046	 81	 80	 56	 0	 0	 0
 390.026	 81.1	 80.1	 56.1	 0	 0	 0
 392.006	 81.2	 80.2	 56.2	 0	 0	 0
 394.041	 81.2	 80.2	 56.2	 0	 0	 0
 396.021	 81.2	 80.2	 56.2	 0	 0	 0
 398.001	 81.2	 80.2	 56.2	 0	 0	 0
 400.036	 81.2	 80.2	 56.2	 0	 0	 0
 402.016	 81.1	 80.1	 56.1	 0	 0	 0
 404.051	 81.1	 80.1	 56.1	 0	 0	 0
 406.031	 81.1	 80.1	 56.1	 0	 0	 0
 408.011	 81	 80	 56	 0	 0	 0
 410.046	 81	 80	 56	 0	 0	 0
 412.026	 81	 80	 56	 0	 0	 0
 414.006	 80.9	 79.9	 55.9	 0	 0	 0
 416.041	 80.9	 79.9	 55.9	 0	 0	 0
 418.021	 80.9	 79.9	 55.9	 0	 0	 0
 420.001	 80.8	 79.8	 55.8	 0	 0	 0
 422.036	 80.8	 79.8	 55.8	 0	 0	 0
 424.016	 80.7	 79.7	 55.7	 0	 0	 0
 426.051	 80.7	 79.7	 55.7	 0	 0	 0
 428.031	 80.7	 79.7	 55.7	 0	 0	 0
 430.011	 80.6	 79.6	 55.6	 0	 0	 0
 432.046	 80.6	 79.6	 55.6	 0	 0	 0
 434.026	 80.6	 79.6	 55.6	 0	 0	 0
 436.006	 80.5	 79.5	 55.5	 0	 0	 0
 438.041	 80.5	 79.5	 55.5	 0	 0	 0
 440.021	 80.5	 79.5	 55.5	 0	 0	 0
 442.001	 80.5	 79.5	 55.5	 0	 0	 0
 444.036	 80.4	 79.4	 55.4	 0	 0	 0
 446.016	 80.4	 79.4	 55.4	 0	 0	 0
 448.051	 80.4	 79.4	 55.4	 0	 0	 0
 450.031	 80.4	 79.4	 55.4	 0	 0	 0
 452.011	 80.4	 79.4	 55.4	 0	 0	 0
 454.046	 80.3	 79.3	 55.3	 0	 0	 0
 456.026	 80.4	 79.4	 55.4	 0	 0	 0
 458.006	 80.3	 79.3	 55.3	 0	 0	 0
 460.041	 80.3	 79.3	 55.3	 0	 0	 0
 462.021	 80.3	 79.3	 55.3	 0	 0	 0
 464.001	 80.3	 79.3	 55.3	 0	 0	 0
 466.036	 80.3	 79.3	 55.3	 0	 0	 0
 468.016	 80.4	 79.4	 55.4	 0	 0	 0
 470.051	 80.3	 79.3	 55.3	 0	 0	 0
 472.031	 80.3	 79.3	 55.3	 0	 0	 0
 474.011	 80.3	 79.3	 55.3	 0	 0	 0
 476.046	 80.3	 79.3	 55.3	 0	 0	 0
 478.026	 80.2	 79.2	 55.2	 0	 0	 0
 480.006	 80.2	 79.2	 55.2	 0	 0	 0
 482.041	 80.2	 79.2	 55.2	 0	 0	 0
 484.021	 80.2	 79.2	 55.2	 0	 0	 0
 486.001	 80.2	 79.2	 55.2	 0	 0	 0
 488.036	 80.2	 79.2	 55.2	 0	 0	 0
 490.016	 80.1	 79.1	 55.1	 0	 0	 0
 492.051	 80.1	 79.1	 55.1	 0	 0	 0
 494.031	 80.1	 79.1	 55.1	 0	 0	 0
 496.011	 80.1	 79.1	 55.1	 0	 0	 0
 498.046	 80.1	 79.1	 55.1	 0	 0	 0
 500.026	 80.1	 79.1	 55.1	 0	 0	 0
 502.006	 80	 79	 55	 0	 0	 0
 504.041	 80	 79	 55	 0	 0	 0
 506.021	 80	 79	 55	 0	 0	 0
 508.001	 80	 79	 55	 0	 0	 0
 510.036	 79.9	 78.9	 54.9	 0	 0	 0
 512.016	 79.9	 78.9	 54.9	 0	 0	 0
 514.051	 79.9	 78.9	 54.9	 0	 0	 0
 516.031	 79.9	 78.9	 54.9	 0	 0	 0
 518.011	 79.9	 78.9	 54.9	 0	 0	 0
 520.046	 79.9	 78.9	 54.9	 0	 0	 0
 522.026	 79.9	 78.9	 54.9	 0	 0	 0
 524.006	 79.8	 78.8	 54.8	 0	 0	 0
 526.041	 79.8	 78.8	 54.8	 0	 0	 0
 528.021	 79.8	 78.8	 54.8	 0	 0	 0
 530.001	 79.8	 78.8	 54.8	 0	 0	 0
 532.036	 79.8	 78.8	 54.8	 0	 0	 0
 534.016	 79.8	 78.8	 54.8	 0	 0	 0
 536.051	 79.8	 78.8	 54.8	 0	 0	 0
 538.031	 79.7	 78.7	 54.7	 0	 0	 0
 540.011	 79.7	 78.7	 54.7	 0	 0	 0
 542.046	 79.7	 78.7	 54.7	 0	 0	 0
 544.026	 79.7	 78.7	 54.7	 0	 0	 0
 546.006	 79.7	 78.7	 54.7	 0	 0	 0
 548.041	 79.7	 78.7	 54.7	 0	 0	 0
 550.021	 79.6	 78.6	 54.6	 0	 0	 0
 552.001	 79.6	 78.6	 54.6	 0	 0	 0
 554.036	 79.6	 78.6	 54.6	 0	 0	 0
 556.016	 79.6	 78.6	 54.6	 0	 0	 0
 558.051	 79.6	 78.6	 54.6	 0	 0	 0
 560.031	 79.6	 78.6	 54.6	 0	 0	 0
 562.011	 79.6	 78.6	 54.6	 0	 0	 0
 564.046	 79.6	 78.6	 54.6	 0	 0	 0
 566.026	 79.5	 78.5	 54.5	 0	 0	 0
 568.006	 79.5	 78.5	 54.5	 0	 0	 0
 570.041	 79.5	 78.5	 54.5	 0	 0	 0
 572.021	 79.4	 78.4	 54.4	 0	 0	 0
 574.001	 79.5	 78.5	 54.5	 0	 0	 0
 576.036	 79.4	 78.4	 54.4	 0	 0	 0
 578.016	 79.4	 78.4	 54.4	 0	 0	 0
 580.051	 79.4	 78.4	 54.4	 0	 0	 0
 582.031	 79.4	 78.4	 54.4	 0	 0	 0
 584.011	 79.4	 78.4	 54.4	 0	 0	 0
 586.046	 79.4	 78.4	 54.4	 0	 0	 0
 588.026	 79.3	 78.3	 54.3	 0	 0	 0
 590.006	 79.3	 78.3	 54.3	 0	 0	 0
 592.041	 79.3	 78.3	 54.3	 0	 0	 0
 594.021	 79.3	 78.3	 54.3	 0	 0	 0
 596.001	 79.3	 78.3	 54.3	 0	 0	 0
 598.036	 79.3	 78.3	 54.3	 0	 0	 0
 600.016	 79.2	 78.2	 54.2	 0	 0	 0
 602.051	 79.2	 78.2	 54.2	 0	 0	 0
 604.031	 79.2	 78.2	 54.2	 0	 0	 0
 606.011	 79.1	 78.1	 54.1	 0	 0	 0
 608.046	 79.1	 78.1	 54.1	 0	 0	 0
 610.026	 79.1	 78.1	 54.1	 0	 0	 0
 612.006	 79.1	 78.1	 54.1	 0	 0	 0
 614.041	 79	 78	 54	 0	 0	 0
 616.021	 79	 78	 54	 0	 0	 0
 618.001	 79	 78	 54	 0	 0	 0
 620.036	 78.9	 77.9	 53.9	 0	 0	 0
 622.016	 78.9	 77.9	 53.9	 0	 0	 0
 624.051	 78.9	 77.9	 53.9	 0	 0	 0
 626.031	 78.8	 77.8	 53.8	 0	 0	 0
 628.011	 78.8	 77.8	 53.8	 0	 0	 0
 630.046	 78.8	 77.8	 53.8	 0	 0	 0
 632.026	 78.7	 77.7	 53.7	 0	 0	 0
 634.006	 78.6	 77.6	 53.6	 0	 0	 0
 636.041	 78.6	 77.6	 53.6	 0	 0	 0
 638.021	 78.6	 77.6	 53.6	 0	 0	 0
 640.001	 78.6	 77.6	 53.6	 0	 0	 0
 642.036	 78.5	 77.5	 53.5	 0	 0	 0
 644.016	 78.5	 77.5	 53.5	 0	 0	 0
 646.051	 78.5	 77.5	 53.5	 0	 0	 0
 648.031	 78.5	 77.5	 53.5	 0	 0	 0
 650.011	 78.4	 77.4	 53.4	 0	 0	 0
 652.046	 78.4	 77.4	 53.4	 0	 0	 0
 654.026	 78.3	 77.3	 53.3	 0	 0	 0
 656.006	 78.3	 77.3	 53.3	 0	 0	 0
 658.041	 78.2	 77.2	 53.2	 0	 0	 0
 660.021	 78.2	 77.2	 53.2	 0	 0	 0
 662.001	 78.2	 77.2	 53.2	 0	 0	 0
 664.036	 78.1	 77.1	 53.1	 0	 0	 0
 666.016	 78.1	 77.1	 53.1	 0	 0	 0
 668.051	 78.1	 77.1	 53.1	 0	 0	 0
 670.031	 78	 77	 53	 0	 0	 0
 672.011	 78	 77	 53	 0	 0	 0
 674.046	 78	 77	 53	 0	 0	 0
 676.026	 78	 77	 53	 0	 0	 0
 678.006	 77.9	 76.9	 52.9	 0	 0	 0
 680.041	 77.9	 76.9	 52.9	 0	 0	 0
 682.021	 77.8	 76.8	 52.8	 0	 0	 0
 684.001	 77.8	 76.8	 52.8	 0	 0	 0
 686.036	 77.7	 76.7	 52.7	 0	 0	 0
 688.016	 77.7	 76.7	 52.7	 0	 0	 0
 690.051	 77.6	 76.6	 52.6	 0	 0	 0
 692.031	 77.6	 76.6	 52.6	 0	 0	 0
 694.011	 77.6	 76.6	 52.6	 0	 0	 0
 696.046	 77.5	 76.5	 52.5	 0	 0	 0
 698.026	 77.5	 76.5	 52.5	 0	 0	 0
 700.006	 77.5	 76.5	 52.5	 0	 0	 0
 702.041	 77.4	 76.4	 52.4	 0	 0	 0
 704.021	 77.4	 76.4	 52.4	 0	 0	 0
 706.001	 77.3	 76.3	 52.3	 0	 0	 0
 708.036	 77.3	 76.3	 52.3	 0	 0	 0
 710.016	 77.3	 76.3	 52.3	 0	 0	 0
 712.051	 77.2	 76.2	 52.2	 0	 0	 0
 714.031	 77.2	 76.2	 52.2	 0	 0	 0
 716.011	 77.2	 76.2	 52.2	 0	 0	 0
 718.046	 77.1	 76.1	 52.1	 0	 0	 0
 720.026	 77.1	 76.1	 52.1	 0	 0	 0
 722.006	 77.1	 76.1	 52.1	 0	 0	 0
 724.041	 77	 76	 52	 0	 0	 0
 726.021	 77	 76	 52	 0	 0	 0
 728.001	 77	 76	 52	 0	 0	 0
 730.036	 76.9	 75.9	 51.9	 0	 0	 0
 732.016	 76.9	 75.9	 51.9	 0	 0	 0
 734.051	 76.8	 75.8	 51.8	 0	 0	 0
 736.031	 76.7	 75.7	 51.7	 0	 0	 0
 738.011	 76.6	 75.6	 51.6	 0	 0	 0
 740.046	 76.6	 75.6	 51.6	 0	 0	 0
 742.026	 76.6	 75.6	 51.6	 0	 0	 0
 744.006	 76.5	 75.5	 51.5	 0	 0	 0
 746.041	 76.4	 75.4	 51.4	 0	 0	 0
 748.021	 76.4	 75.4	 51.4	 0	 0	 0
 750.001	 76.3	 75.3	 51.3	 0	 0	 0
 752.036	 76.3	 75.3	 51.3	 0	 0	 0
 754.016	 76.3	 75.3	 51.3	 0	 0	 0
 756.051	 76.2	 75.2	 51.2	 0	 0	 0
 758.031	 76.1	 75.1	 51.1	 0	 0	 0
 760.011	 76.1	 75.1	 51.1	 0	 0	 0
 762.046	 76	 75	 51	 0	 0	 0
 764.026	 76	 75	 51	 0	 0	 0
 766.006	 75.9	 74.9	 50.9	 0	 0	 0
 768.041	 75.9	 74.9	 50.9	 0	 0	 0
 770.021	 75.9	 74.9	 50.9	 0	 0	 0
 772.001	 75.8	 74.8	 50.8	 0	 0	 0
 774.036	 75.8	 74.8	 50.8	 0	 0	 0
 776.016	 75.7	 74.7	 50.7	 0	 0	 0
 778.051	 75.7	 74.7	 50.7	 0	 0	 0
 780.031	 75.6	 74.6	 50.6	 0	 0	 0
 782.011	 75.6	 74.6	 50.6	 0	 0	 0
 784.046	 75.6	 74.6	 50.6	 0	 0	 0
 786.026	 75.5	 74.5	 50.5	 0	 0	 0
 788.006	 75.4	 74.4	 50.4	 0	 0	 0
 790.041	 75.3	 74.3	 50.3	 0	 0	 0
 792.021	 75.3	 74.3	 50.3	 0	 0	 0
 794.001	 75.2	 74.2	 50.2	 0	 0	 0
 796.036	 75.2	 74.2	 50.2	 0	 0	 0
 798.016	 75.1	 74.1	 50.1	 0	 0	 0
 800.051	 75.1	 74.1	 50.1	 0	 0	 0
 802.031	 75	 74	 50	 0	 0	 0
 804.011	 75	 74	 50	 0	 0	 0
 806.046	 74.9	 73.9	 49.9	 0	 0	 0
 808.026	 74.9	 73.9	 49.9	 0	 0	 0
 810.006	 74.8	 73.8	 49.8	 0	 0	 0
 812.041	 74.8	 73.8	 49.8	 0	 0	 0
 814.021	 74.7	 73.7	 49.7	 0	 0	 0
 816.001	 74.7	 73.7	 49.7	 0	 0	 0
 818.036	 74.6	 73.6	 49.6	 0	 0	 0
 820.016	 74.6	 73.6	 49.6	 0	 0	 0
 822.051	 74.5	 73.5	 49.5	 0	 0	 0
 824.031	 74.4	 73.4	 49.4	 0	 0	 0
 826.011	 74.4	 73.4	 49.4	 0	 0	 0
 828.046	 74.3	 73.3	 49.3	 0	 0	 0
 830.026	 74.3	 73.3	 49.3	 0	 0	 0
 832.006	 74.2	 73.2	 49.2	 0	 0	 0
 834.041	 74.2	 73.2	 49.2	 0	 0	 0
 836.021	 74.2	 73.2	 49.2	 0	 0	 0
 838.001	 74.1	 73.1	 49.1	 0	 0	 0
 840.036	 74.1	 73.1	 49.1	 0	 0	 0
 842.016	 74	 73	 49	 0	 0	 0
 844.051	 73.9	 72.9	 48.9	 0	 0	 0
 846.031	 73.8	 72.8	 48.8	 0	 0	 0
 848.011	 73.8	 72.8	 48.8	 0	 0	 0
 850.046	 73.8	 72.8	 48.8	 0	 0	 0
 852.026	 73.7	 72.7	 48.7	 0	 0	 0
 854.006	 73.6	 72.6	 48.6	 0	 0	 0
 856.041	 73.6	 72.6	 48.6	 0	 0	 0
 858.021	 73.6	 72.6	 48.6	 0	 0	 0
 860.001	 73.5	 72.5	 48.5	 0	 0	 0
 862.036	 73.5	 72.5	 48.5	 0	 0	 0
 864.016	 73.4	 72.4	 48.4	 0	 0	 0
 866.051	 73.4	 72.4	 48.4	 0	 0	 0
 868.031	 73.3	 72.3	 48.3	 0	 0	 0
 870.011	 73.2	 72.2	 48.2	 0	 0	 0
 872.046	 73.2	 72.2	 48.2	 0	 0	 0
 874.026	 73.1	 72.1	 48.1	 0	 0	 0
 876.006	 73	 72	 48	 0	 0	 0
 878.041	 72.9	 71.9	 47.9	 0	 0	 0
 880.021	 72.9	 71.9	 47.9	 0	 0	 0
 882.001	 72.8	 71.8	 47.8	 0	 0	 0
 884.036	 72.7	 71.7	 47.7	 0	 0	 0
 886.016	 72.7	 71.7	 47.7	 0	 0	 0
 888.051	 72.6	 71.6	 47.6	 0	 0	 0
 890.031	 72.5	 71.5	 47.5	 0	 0	 0
 892.011	 72.5	 71.5	 47.5	 0	 0	 0
 894.046	 72.4	 71.4	 47.4	 0	 0	 0
 896.026	 72.3	 71.3	 47.3	 0	 0	 0
 898.006	 72.2	 71.2	 47.2	 0	 0	 0
 900.041	 72.2	 71.2	 47.2	 0	 0	 0
 902.021	 72.1	 71.1	 47.1	 0	 0	 0
 904.001	 72.1	 71.1	 47.1	 0	 0	 0
 906.036	 72	 71	 47	 0	 0	 0
 908.016	 71.9	 70.9	 46.9	 0	 0	 0
 910.051	 71.8	 70.8	 46.8	 0	 0	 0
 912.031	 71.8	 70.8	 46.8	 0	 0	 0
 914.011	 71.6	 70.6	 46.6	 0	 0	 0
 916.046	 71.6	 70.6	 46.6	 0	 0	 0
 918.026	 71.5	 70.5	 46.5	 0	 0	 0
 920.006	 71.5	 70.5	 46.5	 0	 0	 0
 922.041	 71.4	 70.4	 46.4	 0	 0	 0
 924.021	 71.3	 70.3	 46.3	 0	 0	 0
 926.001	 71.2	 70.2	 46.2	 0	 0	 0
 928.036	 71.1	 70.1	 46.1	 0	 0	 0
 930.016	 71.1	 70.1	 46.1	 0	 0	 0
 932.051	 71	 70	 46	 0	 0	 0
 934.031	 70.9	 69.9	 45.9	 0	 0	 0
 936.011	 70.8	 69.8	 45.8	 0	 0	 0
 938.046	 70.7	 69.7	 45.7	 0	 0	 0
 940.026	 70.7	 69.7	 45.7	 0	 0	 0
 942.006	 70.6	 69.6	 45.6	 0	 0	 0
 944.041	 70.5	 69.5	 45.5	 0	 0	 0
 946.021	 70.5	 69.5	 45.5	 0	 0	 0
 948.001	 70.3	 69.3	 45.3	 0	 0	 0
 950.036	 70.2	 69.2	 45.2	 0	 0	 0
 952.016	 70.1	 69.1	 45.1	 0	 0	 0
 954.051	 70.1	 69.1	 45.1	 0	 0	 0
 956.031	 70	 69	 45	 0	 0	 0
 958.011	 69.9	 68.9	 44.9	 0	 0	 0
 960.046	 69.8	 68.8	 44.8	 0	 0	 0
 962.026	 69.7	 68.7	 44.7	 0	 0	 0
 964.006	 69.7	 68.7	 44.7	 0	 0	 0
 966.041	 69.6	 68.6	 44.6	 0	 0	 0
 968.021	 69.5	 68.5	 44.5	 0	 0	 0
 970.001	 69.4	 68.4	 44.4	 0	 0	 0
 972.036	 69.3	 68.3	 44.3	 0	 0	 0
 974.016	 69.2	 68.2	 44.2	 0	 0	 0
 976.051	 69.1	 68.1	 44.1	 0	 0	 0
 978.031	 69	 68	 44	 0	 0	 0
 980.011	 68.9	 67.9	 43.9	 0	 0	 0
 982.046	 68.8	 67.8	 43.8	 0	 0	 0
 984.026	 68.7	 67.7	 43.7	 0	 0	 0
 986.006	 68.6	 67.6	 43.6	 0	 0	 0
 988.041	 68.5	 67.5	 43.5	 0	 0	 0
 990.021	 68.4	 67.4	 43.4	 0	 0	 0
 992.001	 68.3	 67.3	 43.3	 0	 0	 0
 994.036	 68.3	 67.3	 43.3	 0	 0	 0
 996.016	 68.2	 67.2	 43.2	 0	 0	 0
 998.051	 68.1	 67.1	 43.1	 0	 0	 0
 1000.03	 68	 67	 43	 0	 0	 0
 1002.01	 67.8	 66.8	 42.8	 0	 0	 0
 1004.04	 67.7	 66.7	 42.7	 0	 0	 0
 1006.02	 67.6	 66.6	 42.6	 0	 0	 0
 1008	 67.5	 66.5	 42.5	 0	 0	 0
 1010.04	 67.5	 66.5	 42.5	 0	 0	 0
 1012.02	 67.4	 66.4	 42.4	 0	 0	 0
 1014	 67.3	 66.3	 42.3	 0	 0	 0
 1016.03	 67.2	 66.2	 42.2	 0	 0	 0
 1018.01	 67.1	 66.1	 42.1	 0	 0	 0
 1020.05	 67	 66	 42	 0	 0	 0
 1022.03	 66.9	 65.9	 41.9	 0	 0	 0
 1024.01	 66.8	 65.8	 41.8	 0	 0	 0
 1026.04	 66.7	 65.7	 41.7	 0	 0	 0
 1028.02	 66.6	 65.6	 41.6	 0	 0	 0
 1030	 66.5	 65.5	 41.5	 0	 0	 0
 1032.04	 66.4	 65.4	 41.4	 0	 0	 0
 1034.02	 66.3	 65.3	 41.3	 0	 0	 0
 1036	 66.2	 65.2	 41.2	 0	 0	 0
 1038.03	 66	 65	 41	 0	 0	 0
 1040.01	 66	 65	 41	 0	 0	 0
 1042.05	 65.8	 64.8	 40.8	 0	 0	 0
 1044.03	 65.8	 64.8	 40.8	 0	 0	 0
 1046.01	 65.7	 64.7	 40.7	 0	 0	 0
 1048.04	 65.5	 64.5	 40.5	 0	 0	 0
 1050.02	 65.4	 64.4	 40.4	 0	 0	 0
 1052	 65.4	 64.4	 40.4	 0	 0	 0
 1054.04	 65.2	 64.2	 40.2	 0	 0	 0
 1056.02	 65.1	 64.1	 40.1	 0	 0	 0
 1058	 65	 64	 40	 0	 0	 0
 1060.03	 64.9	 63.9	 39.9	 0	 0	 0
 1062.01	 64.8	 63.8	 39.8	 0	 0	 0
 1064.05	 64.7	 63.7	 39.7	 0	 0	 0
 1066.03	 64.6	 63.6	 39.6	 0	 0	 0
 1068.01	 64.5	 63.5	 39.5	 0	 0	 0
 1070.04	 64.4	 63.4	 39.4	 0	 0	 0
 1072.02	 64.3	 63.3	 39.3	 0	 0	 0
 1074	 64.2	 63.2	 39.2	 0	 0	 0
 1076.04	 64.1	 63.1	 39.1	 0	 0	 0
 1078.02	 64	 63	 39	 0	 0	 0
 1080	 63.9	 62.9	 38.9	 0	 0	 0
 1082.03	 63.7	 62.7	 38.7	 0	 0	 0
 1084.01	 63.7	 62.7	 38.7	 0	 0	 0
 1086.05	 63.6	 62.6	 38.6	 0	 0	 0
 1088.03	 63.4	 62.4	 38.4	 0	 0	 0
 1090.01	 63.3	 62.3	 38.3	 0	 0	 0
 1092.04	 63.2	 62.2	 38.2	 0	 0	 0
 1094.02	 63.1	 62.1	 38.1	 0	 0	 0
 1096	 63	 62	 38	 0	 0	 0
 1098.04	 62.9	 61.9	 37.9	 0	 0	 0
 1100.02	 62.8	 61.8	 37.8	 0	 0	 0
 1102	 62.6	 61.6	 37.6	 0	 0	 0
 1104.03	 62.5	 61.5	 37.5	 0	 0	 0
 1106.01	 62.4	 61.4	 37.4	 0	 0	 0
 1108.05	 62.3	 61.3	 37.3	 0	 0	 0
 1110.03	 62.2	 61.2	 37.2	 0	 0	 0
 1112.01	 62.1	 61.1	 37.1	 0	 0	 0
 1114.04	 62	 61	 37	 0	 0	 0
 1116.02	 61.8	 60.8	 36.8	 0	 0	 0
 1118	 61.7	 60.7	 36.7	 0	 0	 0
 1120.04	 61.6	 60.6	 36.6	 0	 0	 0
 1122.02	 61.5	 60.5	 36.5	 0	 0	 0
 1124	 61.4	 60.4	 36.4	 0	 0	 0
 1126.03	 61.3	 60.3	 36.3	 0	 0	 0
 1128.01	 61.2	 60.2	 36.2	 0	 0	 0
 1130.05	 61	 60	 36	 0	 0	 0
 1132.03	 60.9	 59.9	 35.9	 0	 0	 0
 1134.01	 60.8	 59.8	 35.8	 0	 0	 0
 1136.04	 60.7	 59.7	 35.7	 0	 0	 0
 1138.02	 60.6	 59.6	 35.6	 0	 0	 0
 1140	 60.4	 59.4	 35.4	 0	 0	 0
 1142.04	 60.3	 59.3	 35.3	 0	 0	 0
 1144.02	 60.2	 59.2	 35.2	 0	 0	 0
 1146	 60.1	 59.1	 35.1	 0	 0	 0
 1148.03	 60	 59	 35	 0	 0	 0
 1150.01	 59.8	 58.8	 34.8	 0	 0	 0
 1152.05	 59.7	 58.7	 34.7	 0	 0	 0
 1154.03	 59.5	 58.5	 34.5	 0	 0	 0
 1156.01	 59.4	 58.4	 34.4	 0	 0	 0
 1158.04	 59.3	 58.3	 34.3	 0	 0	 0
 1160.02	 59.1	 58.1	 34.1	 0	 0	 0
 1162	 59	 58	 34	 0	 0	 0
 1164.04	 58.9	 57.9	 33.9	 0	 0	 0
 1166.02	 58.7	 57.7	 33.7	 0	 0	 0
 1168	 58.6	 57.6	 33.6	 0	 0	 0
 1170.03	 58.5	 57.5	 33.5	 0	 0	 0
 1172.01	 58.3	 57.3	 33.3	 0	 0	 0
 1174.05	 58.2	 57.2	 33.2	 0	 0	 0
 1176.03	 58	 57	 33	 0	 0	 0
 1178.01	 57.9	 56.9	 32.9	 0	 0	 0
 1180.04	 57.8	 56.8	 32.8	 0	 0	 0
 1182.02	 57.6	 56.6	 32.6	 0	 0	 0
 1184	 57.5	 56.5	 32.5	 0	 0	 0
 1186.04	 57.3	 56.3	 32.3	 0	 0	 0
 1188.02	 57.2	 56.2	 32.2	 0	 0	 0
 1190	 57.1	 56.1	 32.1	 0	 0	 0
 1192.03	 57	 56	 32	 0	 0	 0
 1194.01	 56.8	 55.8	 31.8	 0	 0	 0
 1196.05	 56.7	 55.7	 31.7	 0	 0	 0
 1198.03	 56.6	 55.6	 31.6	 0	 0	 0
 1200.01	 56.4	 55.4	 31.4	 0	 0	 0
 1202.04	 56.3	 55.3	 31.3	 0	 0	 0
 1204.02	 56.2	 55.2	 31.2	 0	 0	 0
 1206	 56	 55	 31	 0	 0	 0
 1208.04	 55.9	 54.9	 30.9	 0	 0	 0
 1210.02	 55.8	 54.8	 30.8	 0	 0	 0
 1212	 55.6	 54.6	 30.6	 0	 0	 0
 1214.03	 55.5	 54.5	 30.5	 0	 0	 0
 1216.01	 55.4	 54.4	 30.4	 0	 0	 0
 1218.05	 55.3	 54.3	 30.3	 0	 0	 0
 1220.03	 55.2	 54.2	 30.2	 0	 0	 0
 1222.01	 55.1	 54.1	 30.1	 0	 0	 0
 1224.04	 54.9	 53.9	 29.9	 0	 0	 0
 1226.02	 54.8	 53.8	 29.8	 0	 0	 0
 1228	 54.7	 53.7	 29.7	 0	 0	 0
 1230.04	 54.6	 53.6	 29.6	 0	 0	 0
 1232.02	 54.5	 53.5	 29.5	 0	 0	 0
 1234	 54.4	 53.4	 29.4	 0	 0	 0
 1236.03	 54.2	 53.2	 29.2	 0	 0	 0
 1238.01	 54.1	 53.1	 29.1	 0	 0	 0
 1240.05	 54	 53	 29	 0	 0	 0
 1242.03	 53.9	 52.9	 28.9	 0	 0	 0
 1244.01	 53.7	 52.7	 28.7	 0	 0	 0
 1246.04	 53.6	 52.6	 28.6	 0	 0	 0
 1248.02	 53.5	 52.5	 28.5	 0	 0	 0
 1250	 53.4	 52.4	 28.4	 0	 0	 0
 1252.04	 53.3	 52.3	 28.3	 0	 0	 0
 1254.02	 53.2	 52.2	 28.2	 0	 0	 0
 1256	 53.1	 52.1	 28.1	 0	 0	 0
 1258.03	 53	 52	 28	 0	 0	 0
 1260.01	 52.9	 51.9	 27.9	 0	 0	 0
 1262.05	 52.7	 51.7	 27.7	 0	 0	 0
 1264.03	 52.6	 51.6	 27.6	 0	 0	 0
 1266.01	 52.5	 51.5	 27.5	 0	 0	 0
 1268.04	 52.4	 51.4	 27.4	 0	 0	 0
 1270.02	 52.3	 51.3	 27.3	 0	 0	 0
 1272	 52.2	 51.2	 27.2	 0	 0	 0
 1274.04	 52.2	 51.2	 27.2	 0	 0	 0
 1276.02	 52	 51	 27	 0	 0	 0
 1278	 51.9	 50.9	 26.9	 0	 0	 0
 1280.03	 51.8	 50.8	 26.8	 0	 0	 0
 1282.01	 51.7	 50.7	 26.7	 0	 0	 0
 1284.05	 51.6	 50.6	 26.6	 0	 0	 0
 1286.03	 51.5	 50.5	 26.5	 0	 0	 0
 1288.01	 51.4	 50.4	 26.4	 0	 0	 0
 1290.04	 51.3	 50.3	 26.3	 0	 0	 0
 1292.02	 51.2	 50.2	 26.2	 0	 0	 0
 1294	 51.1	 50.1	 26.1	 0	 0	 0
 1296.04	 51	 50	 26	 0	 0	 0
 1298.02	 50.9	 49.9	 25.9	 0	 0	 0
 1300	 50.8	 49.8	 25.8	 0	 0	 0
 1302.03	 50.7	 49.7	 25.7	 0	 0	 0
 1304.01	 50.6	 49.6	 25.6	 0	 0	 0
 1306.05	 50.5	 49.5	 25.5	 0	 0	 0
 1308.03	 50.4	 49.4	 25.4	 0	 0	 0
 1310.01	 50.2	 49.2	 25.2	 0	 0	 0
 1312.04	 50.1	 49.1	 25.1	 0	 0	 0
 1314.02	 50	 49	 25	 0	 0	 0
 1316	 50	 49	 25	 0	 0	 0
 1318.04	 49.9	 48.9	 24.9	 0	 0	 0
 1320.02	 49.8	 48.8	 24.8	 0	 0	 0
 1322	 49.7	 48.7	 24.7	 0	 0	 0
 1324.03	 49.6	 48.6	 24.6	 0	 0	 0
 1326.01	 49.5	 48.5	 24.5	 0	 0	 0
 1328.05	 49.4	 48.4	 24.4	 0	 0	 0
 1330.03	 49.3	 48.3	 24.3	 0	 0	 0
 1332.01	 49.1	 48.1	 24.1	 0	 0	 0
 1334.04	 49.1	 48.1	 24.1	 0	 0	 0
 1336.02	 48.9	 47.9	 23.9	 0	 0	 0
 1338	 48.9	 47.9	 23.9	 0	 0	 0
 1340.04	 48.8	 47.8	 23.8	 0	 0	 0
 1342.02	 48.7	 47.7	 23.7	 0	 0	 0
 1344	 48.6	 47.6	 23.6	 0	 0	 0
 1346.03	 48.5	 47.5	 23.5	 0	 0	 0
 1348.01	 48.4	 47.4	 23.4	 0	 0	 0
 1350.05	 48.3	 47.3	 23.3	 0	 0	 0
 1352.03	 48.2	 47.2	 23.2	 0	 0	 0
 1354.01	 48.1	 47.1	 23.1	 0	 0	 0
 1356.04	 48	 47	 23	 0	 0	 0
 1358.02	 47.9	 46.9	 22.9	 0	 0	 0
 1360	 47.8	 46.8	 22.8	 0	 0	 0
 1362.04	 47.7	 46.7	 22.7	 0	 0	 0
 1364.02	 47.6	 46.6	 22.6	 0	 0	 0
 1366	 47.5	 46.5	 22.5	 0	 0	 0
 1368.03	 47.4	 46.4	 22.4	 0	 0	 0
 1370.01	 47.4	 46.4	 22.4	 0	 0	 0
 1372.05	 47.3	 46.3	 22.3	 0	 0	 0
 1374.03	 47.2	 46.2	 22.2	 0	 0	 0
 1376.01	 47.1	 46.1	 22.1	 0	 0	 0
 1378.04	 47	 46	 22	 0	 0	 0
 1380.02	 47	 46	 22	 0	 0	 0
 1382	 46.8	 45.8	 21.8	 0	 0	 0
 1384.04	 46.8	 45.8	 21.8	 0	 0	 0
 1386.02	 46.6	 45.6	 21.6	 0	 0	 0
 1388	 46.6	 45.6	 21.6	 0	 0	 0
 1390.03	 46.5	 45.5	 21.5	 0	 0	 0
 1392.01	 46.4	 45.4	 21.4	 0	 0	 0
 1394.05	 46.3	 45.3	 21.3	 0	 0	 0
 1396.03	 46.2	 45.2	 21.2	 0	 0	 0
 1398.01	 46.1	 45.1	 21.1	 0	 0	 0
 1400.04	 46	 45	 21	 0	 0	 0
 1402.02	 46	 45	 21	 0	 0	 0
 1404	 45.9	 44.9	 20.9	 0	 0	 0
 1406.04	 45.8	 44.8	 20.8	 0	 0	 0
 1408.02	 45.7	 44.7	 20.7	 0	 0	 0
 1410	 45.6	 44.6	 20.6	 0	 0	 0
 1412.03	 45.5	 44.5	 20.5	 0	 0	 0
 1414.01	 45.5	 44.5	 20.5	 0	 0	 0
 1416.05	 45.4	 44.4	 20.4	 0	 0	 0
 1418.03	 45.3	 44.3	 20.3	 0	 0	 0
 1420.01	 45.2	 44.2	 20.2	 0	 0	 0
 1422.04	 45.2	 44.2	 20.2	 0	 0	 0
 1424.02	 45.1	 44.1	 20.1	 0	 0	 0
 1426	 45	 44	 20	 0	 0	 0
 1428.04	 44.9	 43.9	 19.9	 0	 0	 0
 1430.02	 44.8	 43.8	 19.8	 0	 0	 0
 1432	 44.8	 43.8	 19.8	 0	 0	 0
 1434.03	 44.7	 43.7	 19.7	 0	 0	 0
 1436.01	 44.6	 43.6	 19.6	 0	 0	 0
 1438.05	 44.5	 43.5	 19.5	 0	 0	 0
 1440.03	 44.5	 43.5	 19.5	 0	 0	 0
 1442.01	 44.4	 43.4	 19.4	 0	 0	 0
 1444.04	 44.3	 43.3	 19.3	 0	 0	 0
 1446.02	 44.2	 43.2	 19.2	 0	 0	 0
 1448	 44.1	 43.1	 19.1	 0	 0	 0
 1450.04	 44.1	 43.1	 19.1	 0	 0	 0
 1452.02	 44	 43	 19	 0	 0	 0
 1454	 43.9	 42.9	 18.9	 0	 0	 0
 1456.03	 43.9	 42.9	 18.9	 0	 0	 0
 1458.01	 43.8	 42.8	 18.8	 0	 0	 0
 1460.05	 43.7	 42.7	 18.7	 0	 0	 0
 1462.03	 43.6	 42.6	 18.6	 0	 0	 0
 1464.01	 43.6	 42.6	 18.6	 0	 0	 0
 1466.04	 43.5	 42.5	 18.5	 0	 0	 0
 1468.02	 43.4	 42.4	 18.4	 0	 0	 0
 1470	 43.4	 42.4	 18.4	 0	 0	 0
 1472.04	 43.3	 42.3	 18.3	 0	 0	 0
 1474.02	 43.2	 42.2	 18.2	 0	 0	 0
 1476	 43.1	 42.1	 18.1	 0	 0	 0
 1478.03	 43.1	 42.1	 18.1	 0	 0	 0
 1480.01	 43	 42	 18	 0	 0	 0
 1482.05	 42.9	 41.9	 17.9	 0	 0	 0
 1484.03	 42.8	 41.8	 17.8	 0	 0	 0
 1486.01	 42.8	 41.8	 17.8	 0	 0	 0
 1488.04	 42.7	 41.7	 17.7	 0	 0	 0
 1490.02	 42.6	 41.6	 17.6	 0	 0	 0
 1492	 42.6	 41.6	 17.6	 0	 0	 0
 1494.04	 42.5	 41.5	 17.5	 0	 0	 0
 1496.02	 42.4	 41.4	 17.4	 0	 0	 0
 1498	 42.4	 41.4	 17.4	 0	 0	 0
 1500.03	 42.3	 41.3	 17.3	 0	 0	 0
 1502.01	 42.2	 41.2	 17.2	 0	 0	 0
 1504.05	 42.1	 41.1	 17.1	 0	 0	 0
 1506.03	 42	 41	 17	 0	 0	 0
 1508.01	 42	 41	 17	 0	 0	 0
 1510.04	 41.9	 40.9	 16.9	 0	 0	 0
 1512.02	 41.9	 40.9	 16.9	 0	 0	 0
 1514	 41.8	 40.8	 16.8	 0	 0	 0
 1516.04	 41.8	 40.8	 16.8	 0	 0	 0
 1518.02	 41.7	 40.7	 16.7	 0	 0	 0
 1520	 41.6	 40.6	 16.6	 0	 0	 0
 1522.03	 41.6	 40.6	 16.6	 0	 0	 0
 1524.01	 41.5	 40.5	 16.5	 0	 0	 0
 1526.05	 41.4	 40.4	 16.4	 0	 0	 0
 1528.03	 41.4	 40.4	 16.4	 0	 0	 0
 1530.01	 41.3	 40.3	 16.3	 0	 0	 0
 1532.04	 41.2	 40.2	 16.2	 0	 0	 0
 1534.02	 41.2	 40.2	 16.2	 0	 0	 0
 1536	 41.1	 40.1	 16.1	 0	 0	 0
 1538.04	 41	 40	 16	 0	 0	 0
 1540.02	 41	 40	 16	 0	 0	 0
 1542	 40.9	 39.9	 15.9	 0	 0	 0
 1544.03	 40.8	 39.8	 15.8	 0	 0	 0
 1546.01	 40.8	 39.8	 15.8	 0	 0	 0
 1548.05	 40.7	 39.7	 15.7	 0	 0	 0
 1550.03	 40.7	 39.7	 15.7	 0	 0	 0
 1552.01	 40.6	 39.6	 15.6	 0	 0	 0
 1554.04	 40.6	 39.6	 15.6	 0	 0	 0
 1556.02	 40.5	 39.5	 15.5	 0	 0	 0
 1558	 40.4	 39.4	 15.4	 0	 0	 0
 1560.04	 40.4	 39.4	 15.4	 0	 0	 0
 1562.02	 40.3	 39.3	 15.3	 0	 0	 0
 1564.05	 40.3	 39.3	 15.3	 0	 0	 0
 1566.03	 40.2	 39.2	 15.2	 0	 0	 0
 1568.01	 40.2	 39.2	 15.2	 0	 0	 0
 1570.05	 40.1	 39.1	 15.1	 0	 0	 0
 1572.03	 40.1	 39.1	 15.1	 0	 0	 0
 1574.01	 40	 39	 15	 0	 0	 0
 1576.04	 39.9	 38.9	 14.9	 0	 0	 0
 1578.02	 39.9	 38.9	 14.9	 0	 0	 0
 1580	 39.8	 38.8	 14.8	 0	 0	 0
 1582.04	 39.8	 38.8	 14.8	 0	 0	 0
 1584.02	 39.7	 38.7	 14.7	 0	 0	 0
 1586	 39.7	 38.7	 14.7	 0	 0	 0
 1588.03	 39.6	 38.6	 14.6	 0	 0	 0
 1590.01	 39.5	 38.5	 14.5	 0	 0	 0
 1592.05	 39.5	 38.5	 14.5	 0	 0	 0
 1594.03	 39.4	 38.4	 14.4	 0	 0	 0
 1596.01	 39.4	 38.4	 14.4	 0	 0	 0
 1598.04	 39.3	 38.3	 14.3	 0	 0	 0
 1600.02	 39.3	 38.3	 14.3	 0	 0	 0
 1602	 39.2	 38.2	 14.2	 0	 0	 0
 1604.04	 39.2	 38.2	 14.2	 0	 0	 0
 1606.02	 39.1	 38.1	 14.1	 0	 0	 0
 1608	 39.1	 38.1	 14.1	 0	 0	 0
 1610.03	 39	 38	 14	 0	 0	 0
 1612.01	 39	 38	 14	 0	 0	 0
 1614.05	 38.9	 37.9	 13.9	 0	 0	 0
 1616.03	 38.8	 37.8	 13.8	 0	 0	 0
 1618.01	 38.8	 37.8	 13.8	 0	 0	 0
 1620.04	 38.7	 37.7	 13.7	 0	 0	 0
 1622.02	 38.7	 37.7	 13.7	 0	 0	 0
 1624	 38.6	 37.6	 13.6	 0	 0	 0
 1626.04	 38.6	 37.6	 13.6	 0	 0	 0
 1628.02	 38.5	 37.5	 13.5	 0	 0	 0
 1630	 38.5	 37.5	 13.5	 0	 0	 0
 1632.03	 38.4	 37.4	 13.4	 0	 0	 0
 1634.01	 38.4	 37.4	 13.4	 0	 0	 0
 1636.05	 38.3	 37.3	 13.3	 0	 0	 0
 1638.03	 38.3	 37.3	 13.3	 0	 0	 0
 1640.01	 38.2	 37.2	 13.2	 0	 0	 0
 1642.04	 38.2	 37.2	 13.2	 0	 0	 0
 1644.02	 38.1	 37.1	 13.1	 0	 0	 0
 1646	 38.1	 37.1	 13.1	 0	 0	 0
 1648.04	 38	 37	 13	 0	 0	 0
 1650.02	 38	 37	 13	 0	 0	 0
 1652	 37.9	 36.9	 12.9	 0	 0	 0
 1654.03	 37.9	 36.9	 12.9	 0	 0	 0
 1656.01	 37.8	 36.8	 12.8	 0	 0	 0
 1658.05	 37.8	 36.8	 12.8	 0	 0	 0
 1660.03	 37.7	 36.7	 12.7	 0	 0	 0
 1662.01	 37.7	 36.7	 12.7	 0	 0	 0
 1664.04	 37.6	 36.6	 12.6	 0	 0	 0
 1666.02	 37.5	 36.5	 12.5	 0	 0	 0
 1668	 37.5	 36.5	 12.5	 0	 0	 0
 1670.04	 37.5	 36.5	 12.5	 0	 0	 0
 1672.02	 37.4	 36.4	 12.4	 0	 0	 0
 1674	 37.4	 36.4	 12.4	 0	 0	 0
 1676.03	 37.4	 36.4	 12.4	 0	 0	 0
 1678.01	 37.3	 36.3	 12.3	 0	 0	 0
 1680.05	 37.3	 36.3	 12.3	 0	 0	 0
 1682.03	 37.2	 36.2	 12.2	 0	 0	 0
 1684.01	 37.2	 36.2	 12.2	 0	 0	 0
 1686.04	 37.1	 36.1	 12.1	 0	 0	 0
 1688.02	 37.1	 36.1	 12.1	 0	 0	 0
 1690	 37	 36	 12	 0	 0	 0
 1692.04	 37	 36	 12	 0	 0	 0
 1694.02	 37	 36	 12	 0	 0	 0
 1696	 36.9	 35.9	 11.9	 0	 0	 0
 1698.03	 36.9	 35.9	 11.9	 0	 0	 0
 1700.01	 36.8	 35.8	 11.8	 0	 0	 0
 1702.05	 36.8	 35.8	 11.8	 0	 0	 0
 1704.03	 36.7	 35.7	 11.7	 0	 0	 0
 1706.01	 36.7	 35.7	 11.7	 0	 0	 0
 1708.04	 36.6	 35.6	 11.6	 0	 0	 0
 1710.02	 36.6	 35.6	 11.6	 0	 0	 0
 1712	 36.5	 35.5	 11.5	 0	 0	 0
 1714.04	 36.5	 35.5	 11.5	 0	 0	 0
 1716.02	 36.5	 35.5	 11.5	 0	 0	 0
 1718	 36.4	 35.4	 11.4	 0	 0	 0
 1720.03	 36.4	 35.4	 11.4	 0	 0	 0
 1722.01	 36.4	 35.4	 11.4	 0	 0	 0
 1724.05	 36.3	 35.3	 11.3	 0	 0	 0
 1726.03	 36.3	 35.3	 11.3	 0	 0	 0
 1728.01	 36.2	 35.2	 11.2	 0	 0	 0
 1730.04	 36.2	 35.2	 11.2	 0	 0	 0
 1732.02	 36.2	 35.2	 11.2	 0	 0	 0
 1734	 36.1	 35.1	 11.1	 0	 0	 0
 1736.04	 36.1	 35.1	 11.1	 0	 0	 0
 1738.02	 36	 35	 11	 0	 0	 0
 1740	 36	 35	 11	 0	 0	 0
 1742.03	 35.9	 34.9	 10.9	 0	 0	 0
 1744.01	 35.9	 34.9	 10.9	 0	 0	 0
 1746.05	 35.8	 34.8	 10.8	 0	 0	 0
 1748.03	 35.8	 34.8	 10.8	 0	 0	 0
 1750.01	 35.8	 34.8	 10.8	 0	 0	 0
 1752.04	 35.7	 34.7	 10.7	 0	 0	 0
 1754.02	 35.6	 34.6	 10.6	 0	 0	 0
 1756	 35.6	 34.6	 10.6	 0	 0	 0
 1758.04	 35.6	 34.6	 10.6	 0	 0	 0
 1760.02	 35.5	 34.5	 10.5	 0	 0	 0
 1762	 35.5	 34.5	 10.5	 0	 0	 0
 1764.03	 35.5	 34.5	 10.5	 0	 0	 0
 1766.01	 35.4	 34.4	 10.4	 0	 0	 0
 1768.05	 35.4	 34.4	 10.4	 0	 0	 0
 1770.03	 35.4	 34.4	 10.4	 0	 0	 0
 1772.01	 35.3	 34.3	 10.3	 0	 0	 0
 1774.04	 35.3	 34.3	 10.3	 0	 0	 0
 1776.02	 35.2	 34.2	 10.2	 0	 0	 0
 1778	 35.2	 34.2	 10.2	 0	 0	 0
 1780.04	 35.2	 34.2	 10.2	 0	 0	 0
 1782.02	 35.1	 34.1	 10.1	 0	 0	 0
 1784	 35.1	 34.1	 10.1	 0	 0	 0
 1786.03	 35.1	 34.1	 10.1	 0	 0	 0
 1788.01	 35	 34	 10	 0	 0	 0
 1790.05	 34.7	 33.7	 9.7	 0	 0	 0
 1792.03	 34.8	 33.8	 9.8	 0	 0	 0
 1794.01	 34.8	 33.8	 9.8	 0	 0	 0
 1796.04	 34.8	 33.8	 9.8	 0	 0	 0
 1798.02	 34.8	 33.8	 9.8	 0	 0	 0
 1800	 34.8	 33.8	 9.8	 0	 0	 0
 1802.04	 34.7	 33.7	 9.7	 0	 0	 0
 1804.02	 34.7	 33.7	 9.7	 0	 0	 0
 1806	 34.7	 33.7	 9.7	 0	 0	 0
 1808.03	 34.7	 33.7	 9.7	 0	 0	 0
 1810.01	 34.6	 33.6	 9.6	 0	 0	 0
 1812.05	 34.6	 33.6	 9.6	 0	 0	 0
 1814.03	 34.5	 33.5	 9.5	 0	 0	 0
 1816.01	 34.5	 33.5	 9.5	 0	 0	 0
 1818.04	 34.5	 33.5	 9.5	 0	 0	 0
 1820.02	 34.4	 33.4	 9.4	 0	 0	 0
 1822	 34.4	 33.4	 9.4	 0	 0	 0
 1824.04	 34.3	 33.3	 9.3	 0	 0	 0
 1826.02	 34.3	 33.3	 9.3	 0	 0	 0
 1828	 34.3	 33.3	 9.3	 0	 0	 0
 1830.03	 34.3	 33.3	 9.3	 0	 0	 0
 1832.01	 34.2	 33.2	 9.2	 0	 0	 0
 1834.05	 34.2	 33.2	 9.2	 0	 0	 0
 1836.03	 34.1	 33.1	 9.1	 0	 0	 0
 1838.01	 34.1	 33.1	 9.1	 0	 0	 0
 1840.04	 34.1	 33.1	 9.1	 0	 0	 0
 1842.02	 34	 33	 9	 0	 0	 0
 1844	 34	 33	 9	 0	 0	 0
 1846.04	 34	 33	 9	 0	 0	 0
 1848.02	 34	 33	 9	 0	 0	 0
 1850	 33.9	 32.9	 8.9	 0	 0	 0
 1852.03	 33.9	 32.9	 8.9	 0	 0	 0
 1854.01	 33.9	 32.9	 8.9	 0	 0	 0
 1856.05	 33.8	 32.8	 8.8	 0	 0	 0
 1858.03	 33.8	 32.8	 8.8	 0	 0	 0
 1860.01	 33.8	 32.8	 8.8	 0	 0	 0
 1862.04	 33.7	 32.7	 8.7	 0	 0	 0
 1864.02	 33.7	 32.7	 8.7	 0	 0	 0
 1866	 33.7	 32.7	 8.7	 0	 0	 0
 1868.04	 33.6	 32.6	 8.6	 0	 0	 0
 1870.02	 33.6	 32.6	 8.6	 0	 0	 0
 1872	 33.6	 32.6	 8.6	 0	 0	 0
 1874.03	 33.5	 32.5	 8.5	 0	 0	 0
 1876.01	 33.5	 32.5	 8.5	 0	 0	 0
 1878.05	 33.4	 32.4	 8.4	 0	 0	 0
 1880.03	 33.4	 32.4	 8.4	 0	 0	 0
 1882.01	 33.4	 32.4	 8.4	 0	 0	 0
 1884.04	 33.3	 32.3	 8.3	 0	 0	 0
 1886.02	 33.2	 32.2	 8.2	 0	 0	 0
 1888	 33.2	 32.2	 8.2	 0	 0	 0
 1890.04	 33.2	 32.2	 8.2	 0	 0	 0
 1892.02	 33.1	 32.1	 8.1	 0	 0	 0
 1894	 33.1	 32.1	 8.1	 0	 0	 0
 1896.03	 33.1	 32.1	 8.1	 0	 0	 0
 1898.01	 33	 32	 8	 0	 0	 0
 1900.05	 33	 32	 8	 0	 0	 0
 1902.03	 33	 32	 8	 0	 0	 0
 1904.01	 33	 32	 8	 0	 0	 0
 1906.04	 33	 32	 8	 0	 0	 0
 1908.02	 32.9	 31.9	 7.9	 0	 0	 0
 1910	 33	 32	 8	 0	 0	 0
 1912.04	 32.9	 31.9	 7.9	 0	 0	 0
 1914.02	 32.9	 31.9	 7.9	 0	 0	 0
 1916	 32.8	 31.8	 7.8	 0	 0	 0
 1918.03	 32.8	 31.8	 7.8	 0	 0	 0
 1920.01	 32.8	 31.8	 7.8	 0	 0	 0
 1922.05	 32.7	 31.7	 7.7	 0	 0	 0
 1924.03	 32.7	 31.7	 7.7	 0	 0	 0
 1926.01	 32.7	 31.7	 7.7	 0	 0	 0
 1928.04	 32.6	 31.6	 7.6	 0	 0	 0
 1930.02	 32.6	 31.6	 7.6	 0	 0	 0
 1932	 32.6	 31.6	 7.6	 0	 0	 0
 1934.04	 32.5	 31.5	 7.5	 0	 0	 0
 1936.02	 32.5	 31.5	 7.5	 0	 0	 0
 1938	 32.5	 31.5	 7.5	 0	 0	 0
 1940.03	 32.4	 31.4	 7.4	 0	 0	 0
 1942.01	 32.4	 31.4	 7.4	 0	 0	 0
 1944.05	 32.4	 31.4	 7.4	 0	 0	 0
 1946.03	 32.4	 31.4	 7.4	 0	 0	 0
 1948.01	 32.4	 31.4	 7.4	 0	 0	 0
 1950.04	 32.5	 31.5	 7.5	 0	 0	 0
 1952.02	 32.4	 31.4	 7.4	 0	 0	 0
 1954	 32.4	 31.4	 7.4	 0	 0	 0
 1956.04	 32.4	 31.4	 7.4	 0	 0	 0
 1958.02	 32.3	 31.3	 7.3	 0	 0	 0
 1960	 32.2	 31.2	 7.2	 0	 0	 0
 1962.03	 32.2	 31.2	 7.2	 0	 0	 0
 1964.01	 32.2	 31.2	 7.2	 0	 0	 0
 1966.05	 32.1	 31.1	 7.1	 0	 0	 0
 1968.03	 32	 31	 7	 0	 0	 0
 1970.01	 32.1	 31.1	 7.1	 0	 0	 0
 1972.04	 32.1	 31.1	 7.1	 0	 0	 0
 1974.02	 32	 31	 7	 0	 0	 0
 1976	 32	 31	 7	 0	 0	 0
 1978.04	 31.9	 30.9	 6.9	 0	 0	 0
 1980.02	 31.9	 30.9	 6.9	 0	 0	 0
 1982	 31.9	 30.9	 6.9	 0	 0	 0
 1984.03	 31.9	 30.9	 6.9	 0	 0	 0
 1986.01	 31.8	 30.8	 6.8	 0	 0	 0
 1988.05	 31.8	 30.8	 6.8	 0	 0	 0
 1990.03	 31.8	 30.8	 6.8	 0	 0	 0
 1992.01	 31.8	 30.8	 6.8	 0	 0	 0
 1994.04	 31.8	 30.8	 6.8	 0	 0	 0
 1996.02	 31.8	 30.8	 6.8	 0	 0	 0
 1998	 31.7	 30.7	 6.7	 0	 0	 0
"afkøling af naftalin:
" 1: [ 47:167] : [128.0:368.0] :   log(DT) = -0.00095748 t + 2.0982
"    a=0.9977978, b=125.37, T=314.40
" 2: [594:950] : [1222.0:1934.0] : log(DT) = -0.00083891 t + 2.4990
"    a=0.9980702, b=315.49, T=358.83
"f(t)=t
"a1=0
"a2=0
"a3=0
"a4=0
