DATALYSE	Herning Gymnasium	Permanganat	1
&Shimadzu spektrofotometer	0	1	0	3
wave/nm	abs
 400.993	 0.239
 401.986	 0.228
 402.98	 0.218
 403.973	 0.208
 404.966	 0.201
 405.96	 0.192
 406.953	 0.185
 407.947	 0.177
 408.94	 0.171
 409.933	 0.166
 410.927	 0.16
 411.92	 0.155
 412.913	 0.151
 413.907	 0.149
 414.9	 0.145
 415.894	 0.141
 416.887	 0.14
 417.88	 0.137
 418.874	 0.135
 419.867	 0.133
 420.86	 0.131
 421.854	 0.129
 422.847	 0.128
 423.841	 0.126
 424.834	 0.126
 425.827	 0.125
 426.821	 0.124
 427.814	 0.123
 428.807	 0.122
 429.801	 0.121
 430.794	 0.121
 431.788	 0.12
 432.781	 0.12
 433.774	 0.12
 434.768	 0.12
 435.761	 0.12
 436.754	 0.119
 437.748	 0.119
 438.741	 0.12
 439.735	 0.12
 440.728	 0.121
 441.721	 0.123
 442.715	 0.123
 443.708	 0.123
 444.701	 0.124
 445.695	 0.125
 446.688	 0.127
 447.682	 0.129
 448.675	 0.131
 449.668	 0.133
 450.662	 0.137
 451.655	 0.14
 452.649	 0.143
 453.642	 0.146
 454.635	 0.147
 455.629	 0.15
 456.622	 0.151
 457.615	 0.154
 458.609	 0.157
 459.602	 0.161
 460.596	 0.165
 461.589	 0.17
 462.582	 0.174
 463.576	 0.18
 464.569	 0.187
 465.562	 0.193
 466.556	 0.201
 467.549	 0.207
 468.543	 0.214
 469.536	 0.219
 470.529	 0.225
 471.523	 0.23
 472.516	 0.235
 473.509	 0.24
 474.503	 0.245
 475.496	 0.25
 476.49	 0.257
 477.483	 0.265
 478.476	 0.274
 479.47	 0.284
 480.463	 0.296
 481.456	 0.309
 482.45	 0.322
 483.443	 0.333
 484.437	 0.346
 485.43	 0.358
 486.423	 0.367
 487.417	 0.375
 488.41	 0.383
 489.403	 0.388
 490.397	 0.393
 491.39	 0.396
 492.384	 0.402
 493.377	 0.408
 494.37	 0.416
 495.364	 0.426
 496.357	 0.439
 497.35	 0.455
 498.344	 0.474
 499.337	 0.491
 500.331	 0.513
 501.324	 0.533
 502.317	 0.55
 503.311	 0.567
 504.304	 0.581
 505.298	 0.591
 506.291	 0.596
 507.284	 0.599
 508.278	 0.598
 509.271	 0.596
 510.264	 0.595
 511.258	 0.594
 512.251	 0.594
 513.245	 0.599
 514.238	 0.605
 515.231	 0.615
 516.225	 0.629
 517.218	 0.646
 518.211	 0.665
 519.205	 0.686
 520.198	 0.708
 521.192	 0.729
 522.185	 0.744
 523.178	 0.759
 524.172	 0.77
 525.165	 0.773
 526.158	 0.773
 527.152	 0.766
 528.145	 0.755
 529.139	 0.739
 530.132	 0.722
 531.125	 0.705
 532.119	 0.69
 533.112	 0.677
 534.105	 0.669
 535.099	 0.666
 536.092	 0.656
 537.086	 0.661
 538.079	 0.671
 539.072	 0.682
 540.066	 0.695
 541.059	 0.708
 542.052	 0.72
 543.046	 0.728
 544.039	 0.733
 545.033	 0.734
 546.026	 0.73
 547.019	 0.718
 548.013	 0.701
 549.006	 0.679
 550	 0.655
 550.993	 0.63
 551.986	 0.605
 552.98	 0.577
 553.973	 0.55
 554.966	 0.525
 555.96	 0.503
 556.953	 0.484
 557.947	 0.469
 558.94	 0.458
 559.933	 0.451
 560.927	 0.446
 561.92	 0.442
 562.913	 0.441
 563.907	 0.44
 564.9	 0.439
 565.894	 0.438
 566.887	 0.436
 567.88	 0.431
 568.874	 0.424
 569.867	 0.414
 570.86	 0.402
 571.854	 0.385
 572.847	 0.368
 573.841	 0.349
 574.834	 0.329
 575.827	 0.308
 576.821	 0.287
 577.814	 0.268
 578.807	 0.248
 579.801	 0.23
 580.794	 0.213
 581.788	 0.197
 582.781	 0.183
 583.774	 0.171
 584.768	 0.161
 585.761	 0.152
 586.754	 0.144
 587.748	 0.137
 588.741	 0.132
 589.735	 0.127
 590.728	 0.124
 591.721	 0.12
 592.715	 0.118
 593.708	 0.116
 594.701	 0.114
 595.695	 0.112
 596.688	 0.111
 597.682	 0.109
 598.675	 0.108
 599.668	 0.106
 600.662	 0.106
 601.655	 0.105
 602.649	 0.104
 603.642	 0.103
 604.635	 0.101
 605.629	 0.1
 606.622	 0.099
 607.615	 0.099
 608.609	 0.098
 609.602	 0.097
 610.596	 0.096
 611.589	 0.096
 612.582	 0.095
 613.576	 0.094
 614.569	 0.093
 615.562	 0.092
 616.556	 0.092
 617.549	 0.092
 618.543	 0.091
 619.536	 0.091
 620.529	 0.09
 621.523	 0.09
 622.516	 0.089
 623.509	 0.088
 624.503	 0.088
 625.496	 0.087
 626.49	 0.088
 627.483	 0.086
 628.476	 0.086
 629.47	 0.086
 630.463	 0.085
 631.456	 0.084
 632.45	 0.084
 633.443	 0.084
 634.437	 0.083
 635.43	 0.083
 636.423	 0.082
 637.417	 0.082
 638.41	 0.081
 639.403	 0.08
 640.397	 0.08
 641.39	 0.08
 642.384	 0.079
 643.377	 0.078
 644.37	 0.078
 645.364	 0.077
 646.357	 0.077
 647.35	 0.076
 648.344	 0.075
 649.337	 0.075
 650.331	 0.074
 651.324	 0.074
 652.317	 0.073
 653.311	 0.072
 654.304	 0.072
 655.298	 0.071
 656.291	 0.07
 657.284	 0.07
 658.278	 0.07
 659.271	 0.068
 660.264	 0.068
 661.258	 0.067
 662.251	 0.067
 663.245	 0.066
 664.238	 0.065
 665.231	 0.064
 666.225	 0.064
 667.218	 0.063
 668.211	 0.062
 669.205	 0.062
 670.198	 0.062
 671.192	 0.061
 672.185	 0.06
 673.178	 0.059
 674.172	 0.058
 675.165	 0.058
 676.158	 0.058
 677.152	 0.058
 678.145	 0.057
 679.139	 0.056
 680.132	 0.055
 681.125	 0.055
 682.119	 0.054
 683.112	 0.054
 684.105	 0.053
 685.099	 0.053
 686.092	 0.052
 687.086	 0.051
 688.079	 0.051
 689.072	 0.051
 690.066	 0.051
 691.059	 0.049
 692.052	 0.049
 693.046	 0.048
 694.039	 0.048
 695.033	 0.048
 696.026	 0.048
 697.019	 0.047
 698.013	 0.047
 699.006	 0.046
" 
"Maximum: f(507.53) = 0.5991
"Maximum: f(525.66) = 0.7739
"Maximum: f(544.73) = 0.7342
"Bemærk, at maxima kan findes ved at trække en firkant
"med musen, sådan at kun absorbans over 0.3 kommer med
"Så klikkes på Max-knappen 3 gange og maxima findes.
"f(t)=t
"a1=0
"a2=0
"a3=0
"a4=0
