DATALYSE	Ribe Katedralskole		1
&MC24E counter	0	1	0	3
t/s	A/Bq
 100	 0
 300	 0.335
 500	 0.37
 700	 0.32
 900	 0.335
 1100	 0.385
 1300	 0.35
 1500	 0.415
 1700	 0.32
 1900	 0.35
 2100	 0.465
 2300	 0.425
 2500	 0.235
 2700	 0.285
 2900	 0.615
 3100	 0.51
 3300	 0.64
 3500	 0.595
 3700	 0.6
 3900	 0.61
 4100	 0.605
 4300	 0.555
 4500	 0.61
 4700	 0.515
 4900	 0.52
 5100	 0.55
 5300	 0.585
 5500	 0.575
 5700	 0.54
 5900	 0.675
 6100	 0.615
 6300	 0.62
 6500	 0.58
 6700	 0.505
 6900	 0.565
 7100	 0.65
 7300	 0.57
 7500	 0.565
 7700	 0.685
 7900	 0.585
 8100	 0.64
 8300	 0.775
 8500	 0.7
 8700	 0.68
 8900	 0.66
 9100	 0.505
 9300	 0.625
 9500	 0.6
 9700	 0.505
 9900	 0.645
 10100	 0.505
 10300	 0.65
 10500	 0.64
 10700	 0.77
 10900	 0.71
 11100	 0.765
 11300	 0.77
 11500	 0.605
 11700	 0.645
 11900	 0.785
 12100	 0.56
 12300	 0.785
 12500	 0.51
 12700	 0.58
 12900	 0.665
 13100	 0.455
 13300	 0.71
 13500	 0.555
 13700	 0.635
 13900	 0.595
 14100	 0.565
 14300	 0.595
 14500	 0.67
 14700	 0.545
 14900	 0.645
 15100	 0.59
 15300	 0.705
 15500	 0.535
 15700	 0.615
 15900	 0.63
 16100	 0.615
 16300	 0.56
 16500	 0.61
 16700	 0.585
 16900	 0.515
 17100	 0.5
 17300	 0.485
 17500	 0.51
 17700	 0.55
 17900	 0.605
 18100	 0.47
 18300	 0.465
 18500	 0.395
 18700	 0.41
 18900	 0.47
 19100	 0.445
 19300	 0.405
 19500	 0.365
 19700	 0.285
 19900	 0.415
 20100	 0.485
 20300	 0.36
 20500	 0.38
 20700	 0.485
 20900	 0.52
 21100	 0.53
 21300	 0.485
 21500	 0.325
 21700	 0.465
 21900	 0.385
 22100	 0.5
 22300	 0.41
 22500	 0.53
 22700	 0.325
 22900	 0.475
 23100	 0.455
 23300	 0.39
 23500	 0.33
 23700	 0.405
 23900	 0.43
 24100	 0.515
 24300	 0.41
 24500	 0.365
 24700	 0.44
 24900	 0.43
 25100	 0.38
 25300	 0.42
 25500	 0.5
 25700	 0.385
 25900	 0.385
 26100	 0.355
 26300	 0.44
 26500	 0.365
 26700	 0.5
 26900	 0.44
 27100	 0.34
 27300	 0.42
 27500	 0.63
 27700	 0.45
 27900	 0.55
 28100	 0.465
 28300	 0.41
 28500	 0.45
 28700	 0.495
 28900	 0.35
 29100	 0.44
 29300	 0.435
 29500	 0.535
 29700	 0.45
 29900	 0.425
 30100	 0.435
 30300	 0.425
 30500	 0.385
 30700	 0.58
 30900	 0.42
 31100	 0.545
 31300	 0.59
 31500	 0.585
 31700	 0.58
 31900	 0.545
 32100	 0.46
 32300	 0.495
 32500	 0.485
 32700	 0.56
 32900	 0.54
 33100	 0.375
 33300	 0.47
 33500	 0.5
 33700	 0.635
 33900	 0.23
 34100	 0.575
 34300	 0.6
 34500	 0.44
 34700	 0.56
 34900	 0.41
 35100	 0.43
 35300	 0.48
 35500	 0.35
 35700	 0.43
 35900	 0.47
 36100	 0.44
 36300	 0.505
 36500	 0.46
 36700	 0.525
 36900	 0.47
 37100	 0.405
 37300	 0.505
 37500	 0.485
 37700	 0.595
 37900	 0.585
 38100	 0.695
 38300	 0.69
 38500	 0.45
 38700	 0.485
 38900	 0.475
 39100	 0.47
 39300	 0.605
 39500	 0.4
 39700	 0.395
 39900	 0.45
 40100	 0.455
 40300	 0.46
 40500	 0.52
 40700	 0.48
 40900	 0.49
 41100	 0.5
 41300	 0.44
 41500	 0.53
 41700	 0.39
 41900	 0.445
 42100	 0.35
 42300	 0.435
 42500	 0.38
 42700	 0.455
 42900	 0.47
 43100	 0.42
 43300	 0.455
 43500	 0.49
 43700	 0.375
 43900	 0.375
 44100	 0.505
 44300	 0.445
 44500	 0.635
 44700	 0.41
 44900	 0.37
 45100	 0.33
 45300	 0.485
 45500	 0.345
 45700	 0.365
 45900	 0.495
 46100	 0.52
 46300	 0.365
 46500	 0.355
 46700	 0.475
 46900	 0.38
 47100	 0.415
 47300	 0.465
 47500	 0.345
 47700	 0.36
 47900	 0.495
 48100	 0.47
 48300	 0.455
 48500	 0.425
 48700	 0.52
 48900	 0.38
 49100	 0.445
 49300	 0.555
 49500	 0.45
 49700	 0.535
 49900	 0.39
 50100	 0.45
 50300	 0.325
 50500	 0.4
 50700	 0.405
 50900	 0.5
 51100	 0.425
 51300	 0.355
 51500	 0.355
 51700	 0.42
 51900	 0.325
 52100	 0.41
 52300	 0.435
 52500	 0.49
 52700	 0.465
 52900	 0.51
 53100	 0.395
 53300	 0.365
 53500	 0.55
 53700	 0.445
 53900	 0.39
 54100	 0.545
 54300	 0.545
 54500	 0.35
 54700	 0.42
 54900	 0.35
 55100	 0.465
 55300	 0.345
 55500	 0.39
 55700	 0.4
 55900	 0.375
 56100	 0.33
 56300	 0.415
 56500	 0.365
 56700	 0.445
 56900	 0.37
 57100	 0.415
 57300	 0.535
 57500	 0.485
"Måling   1- 14: baggrund (røret ligger på gulvet)
"Måling  16- 88: KCl      (røret lodret over kilden) 
"Måling  90-197: seltin   ( -- )
"Måling 199-288: baggrund (røret lodret over FV bind 2) 
