DATALYSE	Herning Gymnasium		1
&pH1000	0	1	0	2
V/(mL)	pH
 0.01615	 0.94
 0.17595	 0.94
 0.34119	 0.94
 0.51425	 0.94
 0.68867	 0.94
 0.85391	 0.94
 1.02833	 0.94
 1.19357	 0.94
 1.36799	 0.94
 1.53323	 0.95
 1.70765	 0.95
 1.87289	 0.95
 2.04731	 0.95
 2.21255	 0.95
 2.38697	 0.96
 2.55221	 0.96
 2.72663	 0.96
 2.89187	 0.97
 3.06629	 0.97
 3.23153	 0.97
 3.40595	 0.97
 3.57119	 0.97
 3.74561	 0.98
 3.91085	 0.98
 4.08527	 0.98
 4.25051	 0.99
 4.42493	 0.99
 4.59017	 1
 4.76459	 1
 4.93901	 1
 5.11343	 1.01
 5.27867	 1.01
 5.44391	 1.01
 5.61833	 1.02
 5.78374	 1.02
 5.95816	 1.03
 6.12323	 1.03
 6.29765	 1.03
 6.46289	 1.04
 6.63731	 1.04
 6.80255	 1.04
 6.97697	 1.05
 7.14221	 1.05
 7.31663	 1.05
 7.48187	 1.06
 7.65629	 1.06
 7.82153	 1.07
 7.99595	 1.07
 8.16119	 1.08
 8.33561	 1.08
 8.50085	 1.08
 8.67527	 1.09
 8.84051	 1.09
 9.01493	 1.1
 9.18017	 1.1
 9.35459	 1.1
 9.52901	 1.11
 9.69425	 1.11
 9.86867	 1.12
 10.0339	 1.12
 10.2083	 1.13
 10.3735	 1.13
 10.5479	 1.14
 10.7132	 1.14
 10.8876	 1.14
 11.0528	 1.15
 11.2273	 1.15
 11.3925	 1.16
 11.5669	 1.16
 11.7322	 1.16
 11.9066	 1.17
 12.0718	 1.17
 12.2462	 1.18
 12.4115	 1.18
 12.5859	 1.19
 12.7511	 1.19
 12.9256	 1.19
 13.0908	 1.2
 13.2652	 1.2
 13.4305	 1.21
 13.6049	 1.21
 13.7703	 1.22
 13.9447	 1.22
 14.1191	 1.23
 14.2934	 1.23
 14.4586	 1.23
 14.6239	 1.24
 14.7983	 1.24
 14.9635	 1.25
 15.1379	 1.25
 15.3032	 1.26
 15.4776	 1.26
 15.6428	 1.27
 15.8173	 1.27
 15.9825	 1.28
 16.1569	 1.28
 16.3222	 1.28
 16.4966	 1.29
 16.6618	 1.29
 16.8362	 1.3
 17.0015	 1.3
 17.1759	 1.31
 17.3411	 1.31
 17.5156	 1.32
 17.6808	 1.32
 17.8552	 1.33
 18.0206	 1.33
 18.1949	 1.34
 18.3601	 1.34
 18.5345	 1.35
 18.709	 1.35
 18.8742	 1.36
 19.0486	 1.36
 19.2139	 1.37
 19.3883	 1.37
 19.5535	 1.38
 19.7279	 1.38
 19.8932	 1.38
 20.0676	 1.39
 20.2328	 1.39
 20.4073	 1.4
 20.5725	 1.41
 20.761	 1.41
 20.9166	 1.42
 21.0851	 1.42
 21.2501	 1.43
 21.423	 1.43
 21.5971	 1.44
 21.7635	 1.44
 21.9388	 1.45
 22.1017	 1.46
 22.2759	 1.46
 22.4415	 1.47
 22.6157	 1.47
 22.7801	 1.48
 22.9556	 1.48
 23.1244	 1.49
 23.2957	 1.5
 23.4601	 1.5
 23.6351	 1.51
 23.8001	 1.51
 23.9745	 1.52
 24.1479	 1.52
 24.3142	 1.53
 24.4881	 1.54
 24.6532	 1.54
 24.8285	 1.55
 24.9932	 1.56
 25.1679	 1.56
 25.3332	 1.57
 25.5074	 1.58
 25.6727	 1.58
 25.8417	 1.59
 26.0161	 1.6
 26.1813	 1.6
 26.3557	 1.61
 26.521	 1.61
 26.6954	 1.62
 26.8606	 1.63
 27.0351	 1.64
 27.2003	 1.64
 27.3747	 1.65
 27.54	 1.66
 27.7144	 1.67
 27.8888	 1.67
 28.054	 1.68
 28.2285	 1.69
 28.3937	 1.7
 28.5681	 1.7
 28.7334	 1.71
 28.9078	 1.72
 29.073	 1.73
 29.2474	 1.74
 29.4127	 1.74
 29.5871	 1.75
 29.7523	 1.76
 29.9268	 1.77
 30.092	 1.78
 30.2666	 1.79
 30.4317	 1.8
 30.6061	 1.81
 30.7713	 1.82
 30.9457	 1.83
 31.111	 1.84
 31.2854	 1.85
 31.4506	 1.86
 31.6251	 1.87
 31.7903	 1.88
 31.9647	 1.89
 32.13	 1.9
 32.3044	 1.91
 32.4788	 1.92
 32.6532	 1.93
 32.8145	 1.94
 32.9891	 1.96
 33.1545	 1.97
 33.3201	 1.98
 33.494	 2
 33.6686	 2.01
 33.8344	 2.02
 34.0074	 2.04
 34.1737	 2.05
 34.3473	 2.07
 34.513	 2.09
 34.6869	 2.1
 34.8528	 2.11
 35.0266	 2.14
 35.1923	 2.15
 35.3671	 2.17
 35.5357	 2.19
 35.701	 2.21
 35.8754	 2.23
 36.0406	 2.25
 36.2151	 2.28
 36.3803	 2.3
 36.5547	 2.32
 36.7239	 2.35
 36.8954	 2.38
 37.0695	 2.41
 37.2342	 2.44
 37.4086	 2.48
 37.5739	 2.51
 37.7483	 2.55
 37.9135	 2.59
 38.0879	 2.66
 38.2534	 2.71
 38.4278	 2.77
 38.5928	 2.84
 38.7673	 2.95
 38.9325	 2.95
 39.1069	 3.35
 39.2722	 4.23
 39.4466	 5.38
 39.6118	 6.61
 39.7862	 7.94
 39.9515	 8.66
 40.1259	 8.69
 40.2911	 9.34
 40.4656	 9.74
 40.6308	 9.77
 40.8052	 10.19
 40.9705	 10.22
 41.1449	 10.59
 41.3101	 10.66
 41.4845	 10.79
 41.659	 10.89
 41.8334	 11.01
 41.9986	 11.08
 42.1639	 11.15
 42.3383	 11.22
 42.5035	 11.27
 42.6779	 11.31
 42.8432	 11.36
 43.0176	 11.4
 43.1828	 11.43
 43.3573	 11.47
 43.5225	 11.5
 43.6969	 11.53
 43.8622	 11.55
 44.0366	 11.58
 44.2018	 11.6
 44.3762	 11.62
 44.5415	 11.64
 44.7159	 11.67
 44.8811	 11.68
 45.0556	 11.7
 45.2208	 11.71
 45.3952	 11.73
 45.5605	 11.74
 45.7349	 11.76
 45.9001	 11.77
 46.0745	 11.79
 46.249	 11.8
 46.4144	 11.81
 46.5888	 11.82
 46.7539	 11.83
 46.9283	 11.85
 47.0935	 11.86
 47.2679	 11.86
 47.4332	 11.87
 47.6076	 11.88
 47.7728	 11.89
 47.9473	 11.89
 48.1125	 11.9
 48.2869	 11.91
 48.4522	 11.92
 48.6266	 11.93
 48.7918	 11.93
 48.9662	 11.94
 49.1315	 11.95
 49.3059	 11.96
 49.4711	 11.97
 49.6456	 11.97
 49.8108	 11.98
 49.9852	 11.99
 50.1505	 11.99
 50.3249	 12
 50.4901	 12
 50.6645	 12.01
 50.839	 12.02
 51.0134	 12.02
 51.1786	 12.03
 51.3439	 12.03
 51.5183	 12.04
 51.6835	 12.05
 51.8579	 12.05
 52.0232	 12.06
 52.1976	 12.06
 52.3628	 12.07
 52.5373	 12.07
 52.7025	 12.08
 52.8769	 12.08
 53.0422	 12.09
 53.2166	 12.09
 53.3818	 12.09
 53.5562	 12.1
 53.7215	 12.1
 53.8959	 12.11
 54.0611	 12.11
 54.2356	 12.12
 54.401	 12.12
 54.5754	 12.12
 54.7405	 12.13
 54.9149	 12.13
 55.0801	 12.13
 55.2545	 12.14
 55.429	 12.14
 55.5942	 12.14
 55.7686	 12.15
 55.9339	 12.15
 56.1083	 12.15
 56.2745	 12.16
 56.4479	 12.16
 56.6132	 12.17
 56.7876	 12.17
 56.962	 12.17
 57.1273	 12.17
 57.2925	 12.18
 57.4669	 12.18
 57.6322	 12.18
 57.8066	 12.19
 57.9718	 12.19
 58.1462	 12.19
 58.3115	 12.19
 58.4859	 12.2
 58.6511	 12.2
 58.8256	 12.2
 58.9908	 12.21
 59.1652	 12.21
 59.3305	 12.21
 59.5049	 12.21
 59.6701	 12.22
 59.8445	 12.22
 60.019	 12.22
 60.1842	 12.22
 60.3586	 12.23
"Titrering af syre:
"Vol/mL 25.000  c/M 0.158000
"pKs1   0.00,  Vækv1 39.50
"base konc: c/M 0.100
