DATALYSE	Herning Gymnasium	titrering af phosphorsyre	1
DMI multimeter	0	1	0	2
t/s	pH
 0	 2.32
 5	 2.35
 10	 2.34
 15	 2.35
 20	 2.36
 25	 2.38
 30	 2.4
 35	 2.43
 40	 2.46
 45	 2.49
 50	 2.53
 55	 2.57
 60	 2.62
 65	 2.67
 70	 2.74
 75	 2.82
 80	 2.93
 85	 3.05
 90	 3.26
 95	 3.59
 100	 4.49
 105	 5.42
 110	 5.92
 115	 6.16
 120	 6.32
 125	 6.45
 130	 6.56
 135	 6.66
 140	 6.76
 145	 6.84
 150	 6.93
 155	 7.02
 160	 7.11
 165	 7.2
 170	 7.3
 175	 7.41
 180	 7.53
 185	 7.69
 190	 7.9
 195	 8.19
 200	 8.69
 205	 9.29
 210	 9.85
 215	 10.26
 220	 10.57
 225	 10.76
 230	 10.89
 235	 11
 240	 11.08
 245	 11.15
 250	 11.22
 255	 11.26
 260	 11.31
 265	 11.35
 270	 11.39
 275	 11.43
 280	 11.46
 285	 11.49
 290	 11.51
 295	 11.55
 300	 11.57
 305	 11.59
 310	 11.61
 315	 11.63
 320	 11.65
 325	 11.67
 330	 11.69
 335	 11.7
 340	 11.72
 345	 11.74
 350	 11.75
 355	 11.77
 360	 11.79
 365	 11.8
 370	 11.81
 375	 11.82
 380	 11.84
 385	 11.85
 390	 11.86
 395	 11.87
 400	 11.88
 405	 11.91
 410	 11.9
 415	 11.91
 420	 11.93
 425	 11.93
 430	 11.94
"Titrering af syre:
"Vol/mL 100.000  c/M 0.101720
"pKs1   2.78,  Vækv1 101.72
"pKs2   7.27,  Vækv2 203.44
"pKs3  11.51,  Vækv3 305.16
"base konc: c/M 0.1000
"f(t)=t
"a1=0
"a2=0
"a3=0
"a4=0
