DATALYSE	Herning Gymnasium	Underafkøling af vand	1
DMI multimeter	0	1	0	2
t /s	t /°C
 0	 5.9
 1	 5.6
 2	 5.3
 3	 5.1
 4	 4.8
 5	 4.6
 6	 4.3
 7	 4.2
 8	 3.9
 9	 3.8
 10	 3.5
 11	 3.3
 12	 3.1
 13	 3
 14	 2.8
 15	 2.6
 16	 2.4
 17	 2.3
 18	 2.2
 19	 2
 20	 1.9
 21	 1.7
 22	 1.5
 23	 1.3
 24	 1.2
 25	 0.9
 26	 0.8
 27	 0.6
 28	 0.4
 29	 0.2
 30	 0
 31	-0.1
 32	-0.3
 33	-0.6
 34	-0.7
 35	-1
 36	-1.2
 37	-1.4
 38	-1.6
 39	-1.8
 40	-2
 41	-2.1
 42	-2.3
 43	-2.4
 44	-2.6
 45	-2.6
 46	-2.8
 47	-2.9
 48	-3
 49	-3
 50	-3.1
 51	-3.2
 52	-3.2
 53	-3.3
 54	-3.4
 55	-3.4
 56	-3.4
 57	-3.5
 58	-3.5
 59	-3.5
 60	-3.6
 61	-3.6
 62	-3.7
 63	-3.7
 64	-3.7
 65	-3.7
 66	-3.7
 67	-3.8
 68	-3.8
 69	-3.8
 70	-3.8
 71	-3.8
 72	-3.8
 73	-3.8
 74	-3.8
 75	-3.8
 76	-3.8
 77	-3.9
 78	-3.9
 79	-1.4
 80	-0.5
 81	-0.4
 82	-0.4
 83	-0.4
 84	-0.4
 85	-0.4
 86	-0.4
 87	-0.4
 88	-0.4
 89	-0.4
 90	-0.4
 91	-0.4
 92	-0.4
 93	-0.4
 94	-0.4
 95	-0.2
 96	 1.9
 97	 2.7
 98	 3.3
 99	 3.5
 100	 3.9
 101	 4.1
 102	 4.4
 103	 4.5
 104	 4.7
 105	 4.9
 106	 5.2
 107	 5.3
"f(t)=t
"a1=0
"a2=0
"a3=0
"a4=0
